0.170000
0.180000
0.175000
0.185000
0.170000
0.170000
0.175000
0.170000
0.195000
0.180000
0.165000
0.175000
0.180000
0.195000
0.205000
0.230000
0.230000
0.265000
0.305000
0.290000
0.285000
0.280000
0.340000
0.320000
0.335000
0.345000
0.350000
0.295000
0.300000
0.320000
0.335000
0.355000
0.360000
0.355000
0.380000
0.420000
0.450000
0.435000
0.400000
0.435000
0.410000
0.405000
0.335000
0.305000
0.335000
0.370000
0.360000
0.360000
0.365000
0.380000
0.430000
0.430000
0.400000
0.380000
0.455000
0.465000
0.490000
0.495000
0.450000
0.455000
0.465000
0.485000
0.480000
0.565000
0.515000
0.560000
0.610000
0.560000
0.565000
0.545000
0.655000
0.510000
0.660000
0.650000
0.695000
0.670000
0.720000
0.725000
0.680000
0.725000
0.715000
0.755000
0.780000
0.750000
0.745000
0.790000
0.765000
0.760000
0.805000
0.725000
0.785000
0.745000
0.780000
0.855000
0.780000
0.845000
0.775000
0.865000
0.805000
0.805000
0.815000
0.860000
0.825000
0.850000
0.835000
0.825000
0.865000
0.880000
0.790000
0.820000
0.835000
0.815000
0.830000
0.740000
0.795000
0.830000
0.860000
0.870000
0.875000
0.860000
0.885000
0.870000
0.885000
0.925000
0.895000
0.935000
0.940000
0.935000
0.910000
0.915000
0.935000
0.945000
0.915000
0.860000
0.875000
0.875000
0.915000
0.900000
0.900000
0.810000
0.830000
0.845000
0.845000
0.855000
0.905000
0.910000
0.925000
0.915000
0.940000
0.970000
