0.140000
0.180000
0.165000
0.170000
0.170000
0.175000
0.180000
0.175000
0.175000
0.180000
0.195000
0.195000
0.245000
0.285000
0.320000
0.340000
0.360000
0.250000
0.245000
0.235000
0.280000
0.235000
0.240000
0.310000
0.285000
0.270000
0.260000
0.285000
0.265000
0.280000
0.290000
0.320000
0.305000
0.290000
0.275000
0.355000
0.340000
0.375000
0.365000
0.350000
0.355000
0.360000
0.355000
0.385000
0.375000
0.400000
0.395000
0.315000
0.325000
0.360000
0.380000
0.360000
0.395000
0.395000
0.395000
0.380000
0.365000
0.375000
0.395000
0.360000
0.395000
0.415000
0.415000
0.410000
0.360000
0.300000
0.355000
0.395000
0.430000
0.475000
0.535000
0.525000
0.525000
0.555000
0.455000
0.525000
0.540000
0.545000
0.515000
0.515000
0.500000
0.515000
0.565000
0.560000
0.615000
0.500000
0.490000
0.530000
0.585000
0.545000
0.615000
0.575000
0.585000
0.530000
0.635000
0.660000
0.625000
0.645000
0.565000
0.660000
0.700000
0.665000
0.695000
0.650000
0.710000
0.710000
0.735000
0.715000
0.650000
0.635000
0.740000
0.705000
0.730000
0.720000
0.695000
0.730000
0.755000
0.650000
0.745000
0.750000
0.745000
0.765000
0.720000
0.750000
0.795000
0.795000
0.790000
0.800000
0.805000
0.780000
0.850000
0.795000
0.790000
0.815000
0.800000
0.770000
0.805000
0.810000
0.810000
0.850000
0.770000
0.855000
0.770000
0.760000
0.815000
0.780000
0.810000
0.725000
0.750000
0.795000
