0.145000
0.135000
0.145000
0.150000
0.150000
0.195000
0.150000
0.190000
0.190000
0.175000
0.190000
0.210000
0.200000
0.205000
0.215000
0.220000
0.230000
0.240000
0.245000
0.245000
0.260000
0.280000
0.300000
0.310000
0.305000
0.290000
0.315000
0.320000
0.315000
0.300000
0.315000
0.330000
0.340000
0.370000
0.375000
0.385000
0.320000
0.395000
0.405000
0.385000
0.400000
0.425000
0.425000
0.400000
0.385000
0.435000
0.450000
0.435000
0.445000
0.490000
0.460000
0.445000
0.445000
0.455000
0.480000
0.465000
0.480000
0.495000
0.470000
0.480000
0.465000
0.500000
0.475000
0.435000
0.455000
0.470000
0.490000
0.525000
0.485000
0.520000
0.505000
0.465000
0.480000
0.500000
0.545000
0.555000
0.590000
0.525000
0.515000
0.575000
0.585000
0.590000
0.520000
0.570000
0.580000
0.555000
0.575000
0.600000
0.585000
0.590000
0.635000
0.595000
0.625000
0.600000
0.695000
0.670000
0.675000
0.590000
0.625000
0.630000
0.670000
0.680000
0.630000
0.650000
0.665000
0.735000
0.695000
0.740000
0.720000
0.760000
0.770000
0.750000
0.770000
0.785000
0.805000
0.805000
0.830000
0.725000
0.740000
0.780000
0.710000
0.740000
0.750000
0.725000
0.750000
0.755000
0.785000
0.800000
0.800000
0.755000
0.830000
0.805000
0.905000
0.850000
0.860000
0.835000
0.690000
0.730000
0.805000
0.795000
0.815000
0.785000
0.845000
0.840000
0.860000
0.885000
0.820000
0.870000
0.895000
0.880000
