0.169688
0.065007
0.062830
0.062790
0.062751
0.062752
0.062596
0.062634
0.062595
0.062479
0.061967
0.061704
0.060369
0.057546
0.058915
0.059046
0.059625
0.060842
0.061354
0.066268
0.060300
0.061494
0.060360
0.059923
0.060420
0.058987
0.061210
0.059889
0.061928
0.060414
0.059909
0.059500
0.058765
0.058681
0.058872
0.056632
0.056645
0.054800
0.056621
0.055724
0.054634
0.053747
0.054363
0.053242
0.053299
0.053646
0.054174
0.055889
0.055878
0.054034
0.056795
0.053083
0.050825
0.054144
0.050579
0.053216
0.051597
0.050859
0.053198
0.051919
0.050327
0.047917
0.050358
0.046029
0.053742
0.050040
0.053727
0.050662
0.048279
0.048371
0.047897
0.044395
0.041709
0.044953
0.045711
0.046369
0.041389
0.042993
0.041992
0.042533
0.049058
0.040762
0.042511
0.038501
0.039509
0.043943
0.045830
0.041683
0.040921
0.037984
0.039720
0.033585
0.041871
0.038555
0.032136
0.033396
0.030881
0.035021
0.035578
0.027841
0.027814
0.031051
0.037400
0.032024
0.025752
0.026973
0.023283
0.026961
0.041589
0.029728
0.025337
0.026368
0.022235
0.023791
0.025050
0.023887
0.022121
0.029937
0.024532
0.022761
0.023218
0.023501
0.022396
0.019977
0.019687
0.021290
0.022524
0.020226
0.017223
0.020805
0.015427
0.017140
0.020141
0.016943
0.017147
0.025671
0.017976
0.016378
0.017854
0.016454
0.016488
0.017271
0.021731
0.019273
0.021539
0.017261
0.016646
0.024126
0.022013
0.020001
