0.129608
0.075379
0.063231
0.062715
0.062988
0.061954
0.062911
0.062859
0.063070
0.063296
0.062749
0.062693
0.062190
0.062145
0.061669
0.061231
0.059690
0.058694
0.059159
0.059254
0.057464
0.058035
0.056410
0.057562
0.054320
0.054599
0.055639
0.055985
0.058491
0.058573
0.054704
0.056122
0.056384
0.057506
0.053346
0.052915
0.053290
0.051993
0.053363
0.054200
0.052060
0.051208
0.056497
0.056992
0.056320
0.054052
0.054221
0.053267
0.049375
0.050774
0.049614
0.048172
0.050558
0.049334
0.048003
0.043006
0.047206
0.042638
0.046397
0.046225
0.047498
0.047223
0.042978
0.041161
0.041167
0.039116
0.039012
0.051063
0.048679
0.038598
0.038800
0.053097
0.038420
0.034583
0.032012
0.028688
0.025581
0.025842
0.027795
0.023933
0.029422
0.026372
0.022872
0.022634
0.023347
0.021891
0.021457
0.026126
0.021021
0.026368
0.022395
0.022888
0.019754
0.015598
0.017356
0.014336
0.017757
0.017415
0.017259
0.018668
0.016436
0.016050
0.013743
0.015085
0.014965
0.014712
0.012281
0.013389
0.016898
0.015839
0.014598
0.015815
0.017939
0.020514
0.018696
0.014106
0.012600
0.011256
0.012753
0.009477
0.010600
0.010273
0.009474
0.008480
0.008894
0.006807
0.005316
0.006207
0.006356
0.006471
0.005913
0.005120
0.009131
0.013236
0.011115
0.011253
0.009280
0.011289
0.013344
0.015985
0.016267
0.015243
0.013143
0.015101
0.009728
0.009792
0.008334
0.006261
0.005577
0.004035
