0.093063
0.062987
0.062712
0.062712
0.062712
0.062712
0.062712
0.062673
0.063685
0.062483
0.061578
0.060253
0.060406
0.059616
0.058128
0.058387
0.057672
0.055835
0.056262
0.056531
0.056509
0.056670
0.055958
0.054752
0.055186
0.054891
0.054077
0.053190
0.051660
0.050633
0.050174
0.050534
0.051102
0.050651
0.051455
0.047010
0.047450
0.048491
0.049652
0.047805
0.047879
0.044959
0.046824
0.048366
0.044458
0.044486
0.042291
0.041761
0.037666
0.045009
0.044716
0.045179
0.043340
0.039479
0.038432
0.036777
0.038403
0.039194
0.043463
0.039959
0.047372
0.042082
0.041615
0.039540
0.034578
0.040298
0.038548
0.038643
0.035216
0.038219
0.035504
0.034400
0.035693
0.028870
0.022937
0.022957
0.027863
0.022934
0.027548
0.029183
0.023839
0.027698
0.027212
0.027550
0.020805
0.019661
0.018137
0.020502
0.023102
0.022132
0.021181
0.020204
0.021980
0.019512
0.015032
0.019940
0.021500
0.020850
0.016547
0.019495
0.018337
0.013922
0.010862
0.012030
0.014989
0.013877
0.014177
0.013575
0.034770
0.028611
0.025302
0.022633
0.016406
0.014761
0.019346
0.011263
0.012386
0.010371
0.010817
0.008691
0.008860
0.009759
0.010915
0.013314
0.012540
0.012912
0.015657
0.032453
0.019955
0.015275
0.013609
0.010955
0.009230
0.007323
0.010854
0.005333
0.008543
0.009002
0.006732
0.012114
0.010131
0.009601
0.009919
0.006762
0.008521
0.008198
0.005216
0.008119
0.005292
0.003861
