0.137299
0.064887
0.062861
0.062714
0.062514
0.061859
0.060466
0.060426
0.058991
0.059144
0.059422
0.059114
0.058863
0.059986
0.059413
0.059593
0.059172
0.057846
0.057371
0.058974
0.058005
0.057687
0.057808
0.057474
0.056632
0.056995
0.056701
0.055983
0.055335
0.059779
0.056987
0.057433
0.056430
0.056688
0.057239
0.054621
0.054202
0.055250
0.054660
0.054639
0.053113
0.053733
0.053553
0.054762
0.054103
0.053769
0.052931
0.053414
0.052250
0.052729
0.052438
0.052201
0.050212
0.054017
0.051224
0.051314
0.052365
0.054673
0.054710
0.056055
0.055568
0.053977
0.055293
0.055196
0.053715
0.053270
0.053764
0.051774
0.050575
0.049799
0.050853
0.050831
0.048763
0.048688
0.049019
0.047462
0.048995
0.048211
0.050998
0.055346
0.054527
0.052616
0.052636
0.052378
0.051803
0.050414
0.050996
0.050766
0.051251
0.051709
0.049815
0.051841
0.049153
0.048029
0.048870
0.047513
0.046751
0.045041
0.045118
0.044585
0.042494
0.044699
0.042443
0.041602
0.041244
0.038855
0.037637
0.044203
0.045859
0.048148
0.044345
0.040624
0.042901
0.044310
0.040499
0.040954
0.036368
0.037305
0.042598
0.036762
0.038353
0.036456
0.035475
0.043342
0.041436
0.042656
0.043241
0.041618
0.038950
0.036922
0.030555
0.033542
0.031835
0.035417
0.043199
0.034768
0.029783
0.033796
0.031577
0.033569
0.028627
0.026674
0.022682
0.023175
0.032443
0.027984
0.023721
0.018416
0.022051
0.022734
