0.112671
0.062935
0.062752
0.062911
0.062715
0.064183
0.062671
0.061899
0.061183
0.061450
0.059555
0.060036
0.060016
0.060076
0.058724
0.059335
0.059077
0.058247
0.057141
0.056622
0.057846
0.056766
0.055841
0.056191
0.056725
0.056427
0.055381
0.055186
0.057543
0.056748
0.056283
0.055372
0.054365
0.053935
0.054499
0.052015
0.059655
0.054000
0.053432
0.055821
0.053590
0.052614
0.051809
0.052563
0.055454
0.052415
0.053180
0.053212
0.053251
0.050614
0.053391
0.050685
0.048880
0.050510
0.048879
0.050207
0.049154
0.049040
0.049486
0.047552
0.047721
0.050443
0.048185
0.050451
0.052227
0.050613
0.048269
0.046688
0.048454
0.046234
0.044420
0.046656
0.046383
0.047187
0.044818
0.044148
0.042228
0.044381
0.041371
0.039716
0.041173
0.041688
0.043586
0.043186
0.040682
0.040723
0.040680
0.044995
0.041110
0.039476
0.037540
0.037776
0.037076
0.041074
0.032080
0.034149
0.036566
0.040671
0.033493
0.037124
0.037435
0.035728
0.035026
0.031827
0.031460
0.025506
0.027948
0.025827
0.026856
0.025665
0.026296
0.022067
0.025041
0.019720
0.020026
0.019090
0.021582
0.024275
0.026885
0.027990
0.025021
0.029496
0.023979
0.026666
0.025885
0.025642
0.019862
0.019124
0.020010
0.022980
0.019065
0.017668
0.012807
0.012082
0.016988
0.015974
0.038659
0.024989
0.019893
0.020314
0.018569
0.021284
0.015324
0.020068
0.014017
0.009695
0.017301
0.011427
0.010378
0.011894
