0.125853
0.064185
0.062709
0.062559
0.062790
0.061148
0.061314
0.060214
0.058918
0.058608
0.060106
0.057928
0.057484
0.056340
0.056945
0.057180
0.058780
0.056374
0.055169
0.054745
0.055832
0.053853
0.053701
0.051810
0.058784
0.055941
0.055301
0.056504
0.055430
0.054737
0.053088
0.055302
0.054073
0.053459
0.053831
0.053640
0.057057
0.054762
0.053823
0.052197
0.053261
0.054004
0.053958
0.051417
0.051246
0.051864
0.048599
0.046210
0.046997
0.044570
0.046760
0.048632
0.050379
0.045243
0.047006
0.045502
0.041840
0.039247
0.037992
0.041078
0.044645
0.042629
0.041396
0.037613
0.035569
0.035257
0.034711
0.029312
0.029886
0.027900
0.025538
0.031765
0.026325
0.027420
0.025956
0.026284
0.026848
0.037665
0.039175
0.035163
0.027583
0.022779
0.024265
0.021830
0.019104
0.020993
0.024845
0.018783
0.019650
0.020132
0.018651
0.017891
0.021555
0.021460
0.023898
0.019249
0.016504
0.016799
0.015334
0.017949
0.013609
0.014013
0.014877
0.013666
0.014352
0.015385
0.014901
0.016389
0.011609
0.011197
0.011680
0.013537
0.011175
0.015279
0.022814
0.016187
0.013704
0.013889
0.011783
0.008814
0.008529
0.006958
0.007614
0.006833
0.011721
0.008280
0.009842
0.013823
0.011454
0.008100
0.009133
0.013961
0.010824
0.016918
0.014482
0.011385
0.009363
0.010769
0.011430
0.006774
0.006642
0.005622
0.004513
0.004807
0.005716
0.007270
0.005205
0.006349
0.030633
0.029494
