0.165000
0.205000
0.305000
0.340000
0.355000
0.350000
0.400000
0.425000
0.415000
0.485000
0.505000
0.565000
0.595000
0.605000
0.630000
0.650000
0.620000
0.670000
0.655000
0.740000
0.725000
0.665000
0.665000
0.645000
0.645000
0.750000
0.765000
0.775000
0.785000
0.780000
0.765000
0.770000
0.795000
0.800000
0.795000
0.795000
0.765000
0.750000
0.790000
0.785000
0.790000
0.825000
0.825000
0.825000
0.820000
0.830000
0.830000
0.820000
0.830000
0.820000
0.830000
0.830000
0.825000
0.830000
0.830000
0.830000
0.830000
0.830000
0.830000
0.830000
0.830000
0.830000
0.830000
0.830000
0.830000
0.830000
0.830000
0.830000
0.830000
0.830000
0.830000
0.830000
0.830000
0.830000
0.830000
0.830000
0.830000
0.830000
0.830000
0.830000
0.830000
0.830000
0.830000
0.830000
0.830000
0.830000
0.830000
0.830000
0.830000
0.830000
0.830000
0.830000
0.830000
0.830000
0.830000
0.830000
0.830000
0.830000
0.830000
0.830000
0.830000
0.830000
0.830000
0.830000
0.830000
0.830000
0.830000
0.830000
0.830000
0.830000
0.830000
0.830000
0.830000
0.830000
0.830000
0.830000
0.830000
0.830000
0.830000
0.830000
0.830000
0.830000
0.830000
0.830000
0.830000
0.830000
0.830000
0.830000
0.830000
0.830000
0.830000
0.830000
0.830000
0.830000
0.830000
0.830000
0.830000
0.830000
0.830000
0.830000
0.830000
0.830000
0.830000
0.830000
0.830000
0.830000
0.830000
0.830000
0.830000
0.830000
