0.175000
0.140000
0.200000
0.155000
0.155000
0.155000
0.155000
0.155000
0.155000
0.155000
0.155000
0.155000
0.190000
0.225000
0.265000
0.215000
0.265000
0.260000
0.285000
0.295000
0.295000
0.295000
0.300000
0.305000
0.305000
0.300000
0.310000
0.305000
0.310000
0.310000
0.310000
0.310000
0.315000
0.340000
0.295000
0.195000
0.285000
0.230000
0.290000
0.310000
0.320000
0.320000
0.320000
0.320000
0.315000
0.320000
0.320000
0.320000
0.320000
0.320000
0.320000
0.320000
0.320000
0.320000
0.320000
0.320000
0.320000
0.320000
0.320000
0.320000
0.320000
0.320000
0.320000
0.320000
0.320000
0.320000
0.320000
0.320000
0.320000
0.320000
0.320000
0.320000
0.320000
0.320000
0.320000
0.320000
0.320000
0.320000
0.320000
0.320000
0.320000
0.320000
0.320000
0.320000
0.320000
0.320000
0.320000
0.320000
0.320000
0.320000
0.320000
0.320000
0.320000
0.320000
0.320000
0.320000
0.320000
0.320000
0.320000
0.320000
0.320000
0.320000
0.320000
0.320000
0.320000
0.320000
0.320000
0.320000
0.320000
0.320000
0.320000
0.320000
0.320000
0.320000
0.320000
0.320000
0.320000
0.320000
0.320000
0.320000
0.320000
0.320000
0.320000
0.320000
0.320000
0.320000
0.320000
0.320000
0.320000
0.320000
0.320000
0.320000
0.320000
0.320000
0.320000
0.320000
0.320000
0.320000
0.320000
0.320000
0.320000
0.320000
0.320000
0.320000
0.320000
0.320000
0.320000
0.320000
0.320000
0.320000
