0.160000
0.205000
0.300000
0.260000
0.245000
0.220000
0.270000
0.305000
0.315000
0.345000
0.370000
0.365000
0.405000
0.390000
0.375000
0.390000
0.415000
0.385000
0.350000
0.335000
0.375000
0.365000
0.420000
0.415000
0.435000
0.415000
0.440000
0.445000
0.440000
0.495000
0.500000
0.490000
0.510000
0.540000
0.525000
0.565000
0.545000
0.560000
0.575000
0.555000
0.575000
0.585000
0.580000
0.610000
0.590000
0.565000
0.605000
0.590000
0.620000
0.600000
0.610000
0.605000
0.590000
0.605000
0.595000
0.555000
0.595000
0.580000
0.540000
0.555000
0.500000
0.605000
0.635000
0.595000
0.625000
0.630000
0.620000
0.610000
0.610000
0.620000
0.640000
0.645000
0.660000
0.690000
0.725000
0.645000
0.645000
0.695000
0.695000
0.730000
0.725000
0.750000
0.740000
0.770000
0.755000
0.785000
0.790000
0.825000
0.775000
0.780000
0.815000
0.830000
0.790000
0.845000
0.810000
0.900000
0.865000
0.900000
0.955000
0.955000
0.965000
0.950000
0.970000
0.930000
0.930000
0.950000
0.950000
0.975000
0.975000
0.990000
0.975000
0.990000
0.995000
0.990000
0.995000
0.995000
0.980000
0.990000
0.995000
0.995000
0.995000
0.995000
0.995000
0.990000
0.990000
0.995000
0.995000
0.995000
0.995000
0.995000
0.995000
0.995000
0.990000
0.995000
0.995000
0.995000
0.990000
0.995000
0.995000
0.995000
1.000000
1.000000
1.000000
1.000000
1.000000
1.000000
1.000000
1.000000
0.995000
1.000000
