0.292989
0.101621
0.062751
0.062712
0.062712
0.062712
0.062712
0.062712
0.062712
0.062712
0.062712
0.062595
0.062478
0.062361
0.062361
0.062515
0.062190
0.062007
0.061386
0.061505
0.062045
0.060693
0.059621
0.061190
0.059403
0.058513
0.057593
0.057066
0.055187
0.054186
0.055116
0.054708
0.053316
0.053883
0.052752
0.053629
0.052880
0.054010
0.051313
0.052238
0.051907
0.051439
0.050486
0.049139
0.050312
0.052571
0.052145
0.050597
0.050835
0.050480
0.049881
0.052031
0.050655
0.050394
0.048664
0.049414
0.049713
0.049414
0.048759
0.049282
0.049091
0.049209
0.048370
0.049750
0.049399
0.050510
0.048913
0.047666
0.048379
0.048614
0.047622
0.045997
0.047418
0.047613
0.047941
0.048648
0.046602
0.045781
0.046011
0.046201
0.045330
0.045871
0.045025
0.046200
0.046136
0.044593
0.044135
0.046518
0.045439
0.044738
0.043962
0.045999
0.043591
0.046223
0.045142
0.044004
0.043783
0.043520
0.043925
0.045483
0.044840
0.043862
0.044471
0.042279
0.042561
0.043286
0.045407
0.042289
0.042487
0.041172
0.043774
0.045167
0.041853
0.043658
0.042346
0.040526
0.042089
0.044344
0.043207
0.042422
0.043144
0.043171
0.043380
0.039775
0.042066
0.040465
0.042341
0.043084
0.042641
0.042154
0.042715
0.041812
0.041135
0.044364
0.044589
0.041961
0.042589
0.040931
0.040530
0.041527
0.038844
0.041060
0.041019
0.041715
0.052311
0.056641
0.056390
0.054397
0.058613
0.059811
