0.274762
0.185119
0.092522
0.065527
0.060550
0.061644
0.061580
0.058548
0.057080
0.056719
0.055392
0.053877
0.054410
0.052766
0.054307
0.054290
0.052634
0.053525
0.054644
0.052661
0.051436
0.051941
0.049670
0.050595
0.050044
0.052338
0.050454
0.049933
0.049798
0.048248
0.046047
0.044952
0.048285
0.044343
0.045753
0.042703
0.044063
0.045439
0.043035
0.043372
0.044404
0.042938
0.043997
0.039575
0.041225
0.042008
0.041687
0.042169
0.040503
0.041913
0.040440
0.039195
0.039599
0.038491
0.042236
0.043342
0.040279
0.040789
0.043438
0.043434
0.045619
0.039590
0.037453
0.040943
0.035807
0.036224
0.038340
0.038104
0.038822
0.036126
0.037301
0.037889
0.037334
0.034659
0.032930
0.035823
0.034196
0.034392
0.035703
0.032790
0.031506
0.031340
0.029464
0.030123
0.031687
0.029941
0.027140
0.026238
0.025058
0.026160
0.025182
0.023677
0.025479
0.025383
0.023688
0.021996
0.018305
0.018353
0.013789
0.016562
0.016230
0.014481
0.012682
0.014920
0.013989
0.016510
0.014424
0.011800
0.013769
0.012700
0.012280
0.011993
0.012396
0.011658
0.013417
0.011617
0.011385
0.012857
0.010447
0.011101
0.012100
0.010504
0.010178
0.012749
0.012798
0.010916
0.011002
0.010984
0.011702
0.010128
0.011770
0.010098
0.012541
0.012502
0.009954
0.010789
0.010023
0.011641
0.010718
0.012526
0.011651
0.009733
0.010664
0.011419
0.009623
0.013072
0.011334
0.009695
0.010512
0.010688
