0.387473
0.211190
0.150832
0.110939
0.073756
0.062263
0.053653
0.049724
0.047252
0.044411
0.042949
0.038526
0.036632
0.033360
0.033428
0.032326
0.035894
0.031471
0.030494
0.029059
0.028699
0.028436
0.032635
0.031060
0.029109
0.025423
0.025169
0.023650
0.020854
0.024103
0.020091
0.020309
0.019440
0.018841
0.017891
0.018568
0.020411
0.018736
0.020480
0.019361
0.015828
0.016144
0.018783
0.016104
0.013836
0.015540
0.013504
0.013078
0.013829
0.014735
0.012606
0.012542
0.011813
0.012316
0.012245
0.012114
0.013337
0.010887
0.012019
0.012043
0.010856
0.010973
0.011629
0.011691
0.010513
0.011952
0.011585
0.012177
0.011248
0.011197
0.011854
0.011790
0.011285
0.010883
0.010213
0.010291
0.012619
0.011064
0.011075
0.011809
0.010076
0.012569
0.010745
0.010771
0.010839
0.010740
0.010930
0.010922
0.011738
0.010819
0.011669
0.012328
0.009877
0.011566
0.009912
0.010792
0.012368
0.011581
0.010667
0.011404
0.009849
0.011418
0.010611
0.010665
0.010593
0.010580
0.011366
0.012236
0.011374
0.010555
0.010513
0.011343
0.011349
0.010536
0.010516
0.010531
0.009670
0.009703
0.011343
0.010501
0.012216
0.012172
0.009676
0.011320
0.009657
0.010493
0.011349
0.009624
0.011307
0.010463
0.009651
0.009623
0.009634
0.012121
0.009617
0.010474
0.010455
0.010442
0.011282
0.012144
0.009614
0.010425
0.010439
0.010468
0.010457
0.011273
0.009621
0.010467
0.010437
0.012107
