0.236935
0.063482
0.061449
0.062712
0.062712
0.062712
0.062712
0.062712
0.062712
0.062712
0.062712
0.062712
0.062439
0.060568
0.059981
0.060697
0.058768
0.059572
0.057586
0.057834
0.055998
0.055305
0.056518
0.053496
0.055790
0.053645
0.053531
0.054050
0.053425
0.054854
0.053939
0.053541
0.050080
0.050006
0.060652
0.058243
0.054038
0.052941
0.050506
0.047761
0.046798
0.046677
0.044279
0.045512
0.043531
0.044862
0.043122
0.042588
0.043194
0.044177
0.044010
0.042320
0.043223
0.044670
0.043788
0.045279
0.043643
0.043592
0.043607
0.043491
0.044468
0.041832
0.044220
0.042695
0.042580
0.040826
0.041737
0.045007
0.045015
0.043411
0.043300
0.041678
0.043339
0.041620
0.041624
0.040750
0.042421
0.044191
0.042409
0.043225
0.043276
0.042438
0.042414
0.042438
0.042389
0.043208
0.044049
0.043199
0.043209
0.040776
0.039883
0.043203
0.044070
0.044039
0.041543
0.043236
0.044046
0.042367
0.041555
0.044880
0.042345
0.044869
0.043219
0.042349
0.042360
0.044012
0.043190
0.042354
0.041500
0.042350
0.042337
0.042329
0.044016
0.041505
0.042326
0.042325
0.044832
0.044001
0.041501
0.043161
0.043169
0.044003
0.044024
0.042325
0.043992
0.044005
0.043157
0.044003
0.042326
0.043989
0.042317
0.043202
0.044009
0.042364
0.043164
0.042348
0.043261
0.043209
0.042351
0.043198
0.043185
0.043991
0.043159
0.042342
0.043161
0.042322
0.044839
0.041481
0.044832
0.042318
