0.140000
0.235000
0.270000
0.340000
0.350000
0.330000
0.535000
0.540000
0.500000
0.535000
0.485000
0.600000
0.600000
0.600000
0.635000
0.685000
0.675000
0.620000
0.630000
0.705000
0.675000
0.695000
0.710000
0.665000
0.730000
0.715000
0.715000
0.725000
0.765000
0.775000
0.765000
0.830000
0.820000
0.810000
0.900000
0.905000
0.940000
0.940000
0.875000
0.955000
0.890000
0.925000
0.940000
0.960000
0.975000
0.960000
0.960000
0.985000
0.990000
0.965000
0.975000
0.995000
0.995000
0.995000
1.000000
1.000000
1.000000
1.000000
1.000000
1.000000
1.000000
1.000000
1.000000
1.000000
1.000000
1.000000
1.000000
1.000000
1.000000
1.000000
1.000000
0.995000
1.000000
1.000000
1.000000
1.000000
1.000000
1.000000
1.000000
1.000000
1.000000
1.000000
1.000000
1.000000
1.000000
1.000000
1.000000
1.000000
1.000000
1.000000
1.000000
1.000000
1.000000
1.000000
1.000000
1.000000
1.000000
1.000000
1.000000
1.000000
1.000000
1.000000
1.000000
1.000000
1.000000
1.000000
1.000000
1.000000
1.000000
0.995000
1.000000
1.000000
1.000000
1.000000
1.000000
1.000000
1.000000
1.000000
1.000000
1.000000
1.000000
1.000000
1.000000
1.000000
1.000000
1.000000
1.000000
1.000000
1.000000
1.000000
1.000000
1.000000
1.000000
1.000000
1.000000
1.000000
1.000000
1.000000
1.000000
1.000000
1.000000
1.000000
1.000000
1.000000
1.000000
1.000000
1.000000
1.000000
1.000000
1.000000
