0.175000
0.175000
0.260000
0.375000
0.470000
0.405000
0.345000
0.475000
0.445000
0.355000
0.390000
0.455000
0.390000
0.390000
0.435000
0.385000
0.450000
0.460000
0.485000
0.490000
0.470000
0.360000
0.375000
0.440000
0.470000
0.470000
0.480000
0.460000
0.520000
0.455000
0.425000
0.490000
0.385000
0.450000
0.370000
0.365000
0.405000
0.455000
0.510000
0.580000
0.585000
0.520000
0.610000
0.540000
0.555000
0.610000
0.580000
0.625000
0.645000
0.695000
0.740000
0.785000
0.725000
0.735000
0.770000
0.685000
0.640000
0.670000
0.730000
0.725000
0.755000
0.740000
0.760000
0.810000
0.815000
0.800000
0.815000
0.810000
0.805000
0.805000
0.825000
0.830000
0.830000
0.805000
0.815000
0.830000
0.830000
0.830000
0.830000
0.830000
0.830000
0.830000
0.830000
0.830000
0.830000
0.830000
0.830000
0.855000
0.920000
0.955000
0.945000
0.925000
0.945000
0.975000
0.975000
0.985000
0.975000
0.985000
0.985000
0.995000
0.990000
0.995000
0.995000
0.995000
1.000000
1.000000
1.000000
1.000000
1.000000
1.000000
1.000000
0.995000
1.000000
1.000000
1.000000
1.000000
1.000000
1.000000
1.000000
1.000000
1.000000
1.000000
1.000000
1.000000
1.000000
1.000000
1.000000
1.000000
1.000000
1.000000
1.000000
1.000000
1.000000
1.000000
1.000000
1.000000
1.000000
1.000000
1.000000
1.000000
1.000000
1.000000
1.000000
1.000000
1.000000
1.000000
1.000000
1.000000
1.000000
1.000000
