0.299186
0.265155
0.206208
0.151162
0.073738
0.060050
0.052557
0.046037
0.046291
0.049723
0.048787
0.043384
0.037524
0.037827
0.035943
0.033968
0.033819
0.032938
0.038100
0.031035
0.028914
0.025787
0.027259
0.031286
0.027236
0.032337
0.028020
0.025276
0.021416
0.020092
0.021506
0.016503
0.020025
0.018768
0.016370
0.015847
0.015972
0.015032
0.018022
0.014935
0.018228
0.014896
0.012946
0.012614
0.012887
0.013318
0.012804
0.012222
0.012145
0.014655
0.013357
0.013827
0.012237
0.015401
0.014562
0.012451
0.010725
0.012152
0.012931
0.011315
0.011991
0.011897
0.013010
0.011956
0.011065
0.011196
0.011878
0.010143
0.011731
0.010108
0.011927
0.011071
0.009993
0.010039
0.010043
0.010045
0.010140
0.012555
0.010973
0.011808
0.010003
0.010835
0.010781
0.010821
0.009929
0.010795
0.010775
0.009930
0.011630
0.010708
0.012396
0.011517
0.009898
0.011512
0.009825
0.011454
0.010649
0.010606
0.011479
0.009819
0.009790
0.010665
0.010608
0.010633
0.013136
0.010564
0.011418
0.009728
0.011396
0.010628
0.011432
0.010600
0.010542
0.010544
0.010563
0.010581
0.010551
0.010544
0.013044
0.011388
0.011383
0.009684
0.011385
0.010526
0.011347
0.009718
0.009671
0.009663
0.011356
0.011388
0.009693
0.011349
0.010501
0.011337
0.011353
0.010485
0.010501
0.010495
0.010480
0.013005
0.010486
0.010484
0.010491
0.010473
0.009628
0.011305
0.012975
0.009645
0.011368
0.010484
