0.320397
0.205597
0.173736
0.130792
0.089980
0.066835
0.053810
0.048037
0.047186
0.044025
0.044520
0.044326
0.045834
0.046613
0.044558
0.042374
0.042967
0.042231
0.040498
0.041137
0.041226
0.043897
0.042905
0.038915
0.038282
0.038759
0.038572
0.038381
0.037893
0.041946
0.040530
0.042593
0.041072
0.039805
0.042188
0.041989
0.038742
0.041726
0.039332
0.036590
0.039690
0.038373
0.036085
0.036311
0.033339
0.033450
0.034967
0.031118
0.032110
0.029018
0.025728
0.023621
0.027436
0.025568
0.022104
0.026724
0.030419
0.026378
0.022993
0.024224
0.020453
0.020621
0.019241
0.014665
0.014934
0.015243
0.014925
0.015487
0.014589
0.015521
0.013344
0.014055
0.011790
0.013207
0.014440
0.012599
0.013176
0.011204
0.011840
0.011395
0.011656
0.011293
0.011418
0.013042
0.010567
0.012181
0.011283
0.010345
0.006557
0.006296
0.004604
0.005698
0.007528
0.004612
0.002934
0.002646
0.002435
0.002222
0.001873
0.001369
0.001694
0.001340
0.001387
0.001529
0.001039
0.000938
0.000805
0.000728
0.000507
0.000575
0.000500
0.001044
0.000443
0.000431
0.000454
0.000253
0.000318
0.000305
0.000311
0.000372
0.000317
0.000217
0.000288
0.000201
0.000318
0.000181
0.000213
0.000175
0.000165
0.000156
0.000155
0.000205
0.000171
0.000132
0.000162
0.000177
0.000161
0.000178
0.000172
0.000197
0.000166
0.000110
0.000146
0.000169
0.000139
0.000150
0.000186
0.000129
0.000107
0.000111
