0.289049
0.119951
0.062325
0.062245
0.062517
0.062751
0.062479
0.062676
0.062208
0.062484
0.062089
0.061575
0.061597
0.061409
0.061107
0.059088
0.065264
0.061549
0.062559
0.062675
0.061118
0.061230
0.062327
0.062286
0.061467
0.061583
0.060984
0.059556
0.058439
0.061092
0.060545
0.061262
0.061543
0.061072
0.057448
0.055035
0.055770
0.053284
0.052822
0.054979
0.055937
0.052800
0.051316
0.052805
0.053216
0.050610
0.052547
0.053000
0.053589
0.051753
0.051761
0.053354
0.050988
0.053331
0.051868
0.051792
0.051662
0.052522
0.051662
0.050030
0.052392
0.052504
0.051561
0.051645
0.051585
0.052421
0.053267
0.052439
0.053251
0.050748
0.050730
0.052413
0.053257
0.051607
0.051572
0.051587
0.052446
0.053135
0.051273
0.052959
0.051158
0.050679
0.050613
0.050563
0.051161
0.050330
0.051653
0.051618
0.048130
0.049889
0.050158
0.049245
0.049745
0.049800
0.048136
0.049976
0.047879
0.047730
0.050516
0.048050
0.048321
0.048117
0.047772
0.047408
0.045902
0.047951
0.046820
0.043928
0.047740
0.046528
0.046956
0.047615
0.045620
0.045153
0.045453
0.044502
0.045671
0.046779
0.044813
0.044298
0.044501
0.044314
0.044028
0.044328
0.040708
0.044824
0.043825
0.042167
0.042907
0.042131
0.042097
0.042841
0.042015
0.044466
0.041921
0.044458
0.044697
0.042951
0.042645
0.042406
0.041326
0.041075
0.042509
0.040272
0.041761
0.044163
0.040662
0.042111
0.040992
0.040664
