0.351318
0.098221
0.062712
0.062712
0.062712
0.062712
0.062712
0.062712
0.062712
0.062712
0.062712
0.062712
0.062712
0.062712
0.062712
0.062712
0.062712
0.062595
0.062595
0.062480
0.064204
0.062712
0.062712
0.062712
0.062712
0.062712
0.062712
0.062712
0.062712
0.062712
0.062712
0.062712
0.062712
0.062712
0.062712
0.062712
0.062712
0.062712
0.062712
0.062712
0.062712
0.062712
0.062712
0.062712
0.062712
0.062712
0.062869
0.063781
0.062712
0.062712
0.062712
0.062712
0.062712
0.062712
0.062712
0.062712
0.062712
0.062712
0.062712
0.062712
0.062712
0.062712
0.062712
0.062712
0.062712
0.062712
0.062712
0.062712
0.062712
0.062712
0.062712
0.062712
0.062712
0.062712
0.062712
0.062595
0.062595
0.062595
0.062595
0.062595
0.062595
0.062595
0.062595
0.063370
0.062406
0.062712
0.062712
0.062712
0.062712
0.062712
0.062712
0.062712
0.062712
0.062712
0.062712
0.062712
0.062712
0.062712
0.062712
0.062595
0.062595
0.062753
0.062595
0.062712
0.062712
0.062712
0.062712
0.062712
0.062712
0.062712
0.062595
0.062478
0.062478
0.062478
0.062478
0.062361
0.062361
0.062010
0.062361
0.062361
0.062361
0.061816
0.062166
0.061816
0.062206
0.061894
0.062051
0.061934
0.062011
0.062012
0.061818
0.060767
0.061705
0.061865
0.061314
0.061390
0.060808
0.061118
0.060724
0.061504
0.061659
0.061426
0.061706
0.060176
0.060799
0.060960
0.061626
0.060605
0.060080
0.062829
