0.160000
0.220000
0.220000
0.275000
0.335000
0.445000
0.450000
0.425000
0.395000
0.460000
0.500000
0.510000
0.555000
0.635000
0.600000
0.665000
0.635000
0.590000
0.700000
0.645000
0.710000
0.775000
0.790000
0.820000
0.795000
0.830000
0.830000
0.815000
0.820000
0.765000
0.710000
0.810000
0.820000
0.835000
0.830000
0.835000
0.835000
0.835000
0.835000
0.835000
0.835000
0.835000
0.835000
0.835000
0.835000
0.835000
0.835000
0.835000
0.835000
0.835000
0.835000
0.835000
0.835000
0.835000
0.835000
0.835000
0.835000
0.835000
0.835000
0.835000
0.835000
0.835000
0.835000
0.835000
0.835000
0.835000
0.835000
0.835000
0.835000
0.835000
0.835000
0.835000
0.835000
0.835000
0.835000
0.835000
0.835000
0.835000
0.835000
0.835000
0.835000
0.835000
0.835000
0.835000
0.835000
0.835000
0.835000
0.835000
0.835000
0.835000
0.835000
0.835000
0.835000
0.835000
0.835000
0.835000
0.835000
0.835000
0.835000
0.835000
0.835000
0.835000
0.835000
0.835000
0.835000
0.835000
0.835000
0.835000
0.835000
0.835000
0.835000
0.835000
0.835000
0.835000
0.835000
0.835000
0.835000
0.835000
0.835000
0.835000
0.835000
0.835000
0.835000
0.835000
0.835000
0.835000
0.835000
0.835000
0.835000
0.835000
0.835000
0.835000
0.835000
0.835000
0.835000
0.835000
0.835000
0.835000
0.835000
0.835000
0.835000
0.835000
0.835000
0.835000
0.835000
0.835000
0.835000
0.835000
0.835000
0.835000
