0.170000
0.200000
0.255000
0.385000
0.430000
0.530000
0.465000
0.385000
0.410000
0.325000
0.400000
0.330000
0.330000
0.360000
0.375000
0.465000
0.450000
0.470000
0.535000
0.630000
0.630000
0.655000
0.645000
0.670000
0.675000
0.675000
0.675000
0.675000
0.675000
0.675000
0.675000
0.675000
0.675000
0.675000
0.675000
0.675000
0.675000
0.675000
0.675000
0.675000
0.675000
0.675000
0.675000
0.675000
0.675000
0.675000
0.675000
0.675000
0.675000
0.675000
0.675000
0.675000
0.675000
0.675000
0.675000
0.675000
0.675000
0.675000
0.675000
0.675000
0.675000
0.675000
0.675000
0.675000
0.675000
0.675000
0.675000
0.675000
0.675000
0.675000
0.675000
0.675000
0.675000
0.675000
0.675000
0.675000
0.675000
0.675000
0.675000
0.675000
0.675000
0.675000
0.675000
0.675000
0.675000
0.675000
0.675000
0.675000
0.675000
0.675000
0.675000
0.675000
0.675000
0.675000
0.675000
0.675000
0.675000
0.675000
0.675000
0.675000
0.675000
0.675000
0.675000
0.675000
0.675000
0.675000
0.675000
0.675000
0.675000
0.675000
0.675000
0.675000
0.675000
0.675000
0.675000
0.675000
0.675000
0.675000
0.675000
0.675000
0.675000
0.675000
0.675000
0.675000
0.675000
0.690000
0.755000
0.775000
0.640000
0.525000
0.580000
0.565000
0.615000
0.660000
0.660000
0.660000
0.670000
0.670000
0.670000
0.670000
0.680000
0.680000
0.795000
0.860000
0.815000
0.845000
0.755000
0.695000
0.705000
0.715000
