0.160000
0.160000
0.155000
0.155000
0.155000
0.155000
0.155000
0.155000
0.155000
0.155000
0.155000
0.155000
0.155000
0.155000
0.155000
0.155000
0.155000
0.165000
0.155000
0.155000
0.175000
0.215000
0.180000
0.195000
0.270000
0.155000
0.155000
0.155000
0.155000
0.155000
0.155000
0.155000
0.155000
0.155000
0.155000
0.155000
0.155000
0.155000
0.155000
0.155000
0.155000
0.155000
0.155000
0.155000
0.155000
0.155000
0.155000
0.155000
0.155000
0.155000
0.155000
0.155000
0.155000
0.155000
0.155000
0.155000
0.155000
0.155000
0.155000
0.155000
0.155000
0.155000
0.155000
0.155000
0.155000
0.155000
0.155000
0.155000
0.155000
0.155000
0.155000
0.155000
0.155000
0.155000
0.155000
0.155000
0.155000
0.155000
0.155000
0.155000
0.155000
0.155000
0.155000
0.155000
0.155000
0.155000
0.155000
0.155000
0.155000
0.155000
0.155000
0.155000
0.155000
0.155000
0.155000
0.155000
0.155000
0.155000
0.155000
0.155000
0.155000
0.155000
0.155000
0.155000
0.155000
0.155000
0.155000
0.155000
0.155000
0.155000
0.155000
0.155000
0.155000
0.155000
0.155000
0.155000
0.155000
0.155000
0.155000
0.155000
0.155000
0.155000
0.155000
0.155000
0.155000
0.155000
0.155000
0.155000
0.155000
0.155000
0.155000
0.155000
0.155000
0.155000
0.155000
0.155000
0.155000
0.155000
0.155000
0.155000
0.155000
0.155000
0.155000
0.155000
0.155000
0.155000
0.155000
0.155000
0.155000
0.155000
