0.410101
0.190086
0.062713
0.062712
0.062712
0.062712
0.062712
0.062712
0.062712
0.062595
0.062478
0.062517
0.063066
0.062712
0.062712
0.062712
0.062712
0.062712
0.062712
0.062712
0.062712
0.062712
0.062712
0.062712
0.062712
0.062712
0.062595
0.062595
0.062478
0.062478
0.062478
0.062127
0.061543
0.061466
0.061468
0.061899
0.061311
0.060920
0.060531
0.060235
0.060091
0.059430
0.059470
0.058254
0.058524
0.058735
0.058478
0.058348
0.058225
0.056795
0.057167
0.057440
0.055198
0.055896
0.055389
0.055728
0.054827
0.057042
0.059326
0.060291
0.060569
0.058877
0.057868
0.059524
0.057832
0.059755
0.061041
0.059052
0.059362
0.060677
0.059294
0.058576
0.060683
0.057121
0.054538
0.054749
0.053385
0.053987
0.055301
0.053849
0.051870
0.053988
0.053291
0.052246
0.061399
0.060407
0.060794
0.060397
0.059563
0.060053
0.058649
0.058556
0.058975
0.059220
0.057992
0.057857
0.058999
0.058295
0.059489
0.062712
0.062712
0.062712
0.062712
0.062712
0.062712
0.062712
0.062712
0.062712
0.062712
0.062712
0.062595
0.062244
0.062283
0.061972
0.061897
0.060725
0.060723
0.060251
0.059926
0.058969
0.058542
0.058080
0.058293
0.057210
0.057196
0.057001
0.055484
0.055541
0.055396
0.056311
0.055730
0.055781
0.055791
0.055534
0.056249
0.055296
0.055521
0.055177
0.055510
0.053984
0.052087
0.053303
0.053532
0.054902
0.053248
0.053893
0.053876
0.051887
0.053236
0.053340
