0.410099
0.280009
0.257219
0.206486
0.195115
0.145221
0.115161
0.057700
0.049412
0.049432
0.042669
0.040439
0.036015
0.032048
0.032044
0.031346
0.030659
0.033350
0.026733
0.028808
0.022686
0.019400
0.017070
0.015040
0.017204
0.015025
0.013094
0.017025
0.014875
0.018758
0.020725
0.017660
0.013399
0.011986
0.011125
0.013184
0.014007
0.010922
0.010982
0.010581
0.012017
0.011044
0.010809
0.010471
0.011160
0.011815
0.011781
0.010968
0.011004
0.010033
0.010102
0.011557
0.011059
0.011291
0.013051
0.010909
0.011603
0.013263
0.009980
0.010686
0.009866
0.009745
0.009790
0.010578
0.011392
0.009696
0.010452
0.009738
0.009644
0.011365
0.011332
0.011323
0.012169
0.012074
0.009616
0.009568
0.010421
0.012032
0.009560
0.010395
0.010374
0.010370
0.010371
0.009572
0.009557
0.009522
0.010346
0.011178
0.009484
0.010312
0.011979
0.010306
0.009474
0.010311
0.010310
0.009450
0.010291
0.010297
0.010292
0.011108
0.011939
0.009462
0.012791
0.011942
0.011154
0.012008
0.011967
0.010268
0.011954
0.010265
0.009415
0.010251
0.010252
0.011911
0.011045
0.009406
0.011046
0.010248
0.011940
0.009390
0.011040
0.010227
0.011073
0.009414
0.011885
0.009374
0.012709
0.009356
0.009351
0.009361
0.009339
0.010167
0.011865
0.010191
0.011853
0.010184
0.011017
0.010169
0.011846
0.010168
0.010166
0.010190
0.009336
0.011844
0.010161
0.010167
0.011002
0.009324
0.011007
0.010163
