0.498754
0.315837
0.295363
0.236028
0.164761
0.087728
0.051247
0.056146
0.053495
0.052422
0.049110
0.048073
0.044922
0.043601
0.042639
0.040064
0.040707
0.040269
0.036356
0.036370
0.029112
0.028190
0.025713
0.024567
0.023283
0.023649
0.025178
0.022816
0.022257
0.024544
0.021651
0.021136
0.021468
0.020296
0.020821
0.023914
0.020962
0.021078
0.021683
0.021761
0.020807
0.021680
0.023095
0.021426
0.019667
0.021165
0.022128
0.020269
0.021099
0.021116
0.020244
0.020223
0.018513
0.019441
0.020155
0.020355
0.021001
0.018512
0.021035
0.020166
0.020183
0.020934
0.019306
0.020951
0.020131
0.020942
0.020393
0.021849
0.019294
0.020098
0.024281
0.020117
0.020075
0.021722
0.018393
0.020076
0.021709
0.020856
0.020893
0.022557
0.018393
0.021718
0.019201
0.021693
0.023376
0.020060
0.020867
0.020036
0.020841
0.019174
0.020843
0.021702
0.019155
0.022510
0.019155
0.019997
0.021652
0.020827
0.021669
0.019990
0.019127
0.021670
0.019982
0.020813
0.019979
0.021673
0.021646
0.020823
0.020808
0.020801
0.019145
0.019964
0.022498
0.019961
0.019119
0.020818
0.020798
0.020805
0.021623
0.020817
0.020791
0.020791
0.018277
0.020805
0.019977
0.019792
0.018971
0.019851
0.031355
0.038850
0.030688
0.029674
0.029216
0.029319
0.028560
0.029293
0.027237
0.026911
0.026624
0.027090
0.023986
0.026917
0.020843
0.014829
0.014548
0.020317
0.031571
0.033032
0.030210
0.029686
