0.130991
0.093075
0.080498
0.074552
0.074111
0.070018
0.070869
0.063985
0.063878
0.062857
0.065037
0.064153
0.062314
0.062293
0.062319
0.060857
0.062185
0.056992
0.061945
0.059230
0.058086
0.061062
0.056916
0.054540
0.053075
0.054580
0.051057
0.050504
0.049529
0.053226
0.052948
0.054284
0.050185
0.051061
0.048813
0.048917
0.045692
0.050834
0.048041
0.043476
0.049281
0.046995
0.046791
0.046641
0.044452
0.047289
0.046082
0.052234
0.049720
0.048264
0.049975
0.050538
0.050304
0.046731
0.049253
0.049915
0.049199
0.048874
0.049951
0.046443
0.049251
0.047644
0.046881
0.051279
0.051285
0.048898
0.047842
0.048989
0.049164
0.047048
0.047771
0.048277
0.049156
0.049502
0.049210
0.043443
0.047962
0.045797
0.046889
0.045031
0.045303
0.044923
0.046928
0.045145
0.043752
0.046335
0.044392
0.046867
0.045261
0.048004
0.047149
0.042149
0.044224
0.045601
0.043372
0.045814
0.048643
0.045825
0.043032
0.045339
0.044903
0.043532
0.044436
0.045716
0.045116
0.045087
0.043244
0.041934
0.044813
0.043382
0.039614
0.042074
0.041999
0.038619
0.043521
0.040626
0.041007
0.040312
0.043230
0.039891
0.043260
0.040989
0.043142
0.041734
0.042230
0.041964
0.041308
0.042222
0.043053
0.044896
0.041056
0.043973
0.041003
0.039548
0.037217
0.038580
0.041027
0.039097
0.041392
0.041040
0.039667
0.039466
0.035489
0.038606
0.035606
0.037158
0.033901
0.035002
0.048127
0.046059
