0.099409
0.079056
0.069475
0.071950
0.071220
0.072126
0.070314
0.069112
0.072453
0.066340
0.065712
0.061342
0.062700
0.061277
0.061519
0.058903
0.059847
0.063145
0.064063
0.060534
0.060232
0.058509
0.055738
0.057674
0.058602
0.057345
0.055522
0.056892
0.055006
0.053899
0.053669
0.052398
0.053978
0.056744
0.052923
0.050518
0.054480
0.052157
0.052028
0.050494
0.045491
0.055128
0.048776
0.046586
0.046958
0.043117
0.045794
0.040965
0.041222
0.039766
0.046192
0.040862
0.039664
0.036099
0.035967
0.036459
0.035627
0.035074
0.031749
0.035769
0.034004
0.031456
0.032180
0.033135
0.031771
0.037864
0.035284
0.034387
0.035825
0.034027
0.033867
0.032824
0.033139
0.031759
0.033344
0.031656
0.031729
0.029592
0.030836
0.031731
0.029629
0.030123
0.030834
0.029551
0.030086
0.035208
0.038127
0.037734
0.034123
0.036773
0.036299
0.035783
0.034999
0.033946
0.035936
0.036394
0.034970
0.036019
0.030573
0.032720
0.029364
0.028736
0.028935
0.026799
0.027593
0.024605
0.026834
0.027317
0.026799
0.028820
0.025981
0.024889
0.026416
0.024074
0.028031
0.026133
0.023598
0.025706
0.022709
0.023996
0.026408
0.024631
0.025300
0.023043
0.024764
0.021092
0.022807
0.025052
0.022289
0.023467
0.023929
0.020503
0.023013
0.021847
0.024079
0.022973
0.021078
0.023027
0.023795
0.021247
0.021928
0.019779
0.020439
0.021367
0.022385
0.022196
0.021524
0.019008
0.021963
0.020486
