0.160094
0.100286
0.087539
0.072848
0.067838
0.067538
0.072184
0.066321
0.069908
0.066304
0.064570
0.058944
0.059451
0.060954
0.056431
0.060282
0.061822
0.062368
0.058765
0.062467
0.061726
0.062997
0.057090
0.056900
0.055007
0.058163
0.056766
0.054786
0.052564
0.047899
0.050093
0.050379
0.047931
0.050320
0.053580
0.047735
0.048780
0.047928
0.045775
0.045656
0.047078
0.049867
0.047061
0.045491
0.048704
0.046490
0.048561
0.047336
0.046034
0.047660
0.045537
0.045854
0.044357
0.043489
0.045207
0.043635
0.045763
0.044821
0.044924
0.045275
0.043070
0.040490
0.041732
0.040683
0.040889
0.038664
0.041394
0.042402
0.039831
0.038794
0.039065
0.039514
0.039162
0.038458
0.039745
0.038599
0.039784
0.039268
0.039615
0.038863
0.040785
0.038239
0.037082
0.036861
0.040052
0.036887
0.034181
0.032805
0.039599
0.030721
0.032365
0.033542
0.032246
0.027908
0.030211
0.036973
0.042186
0.045053
0.032986
0.033500
0.042660
0.033654
0.025149
0.035018
0.026270
0.023910
0.025850
0.026898
0.025509
0.027995
0.022802
0.024195
0.021787
0.024244
0.023815
0.020325
0.018857
0.022321
0.021326
0.021658
0.021469
0.025525
0.017806
0.018214
0.018961
0.019622
0.020946
0.020194
0.019861
0.018472
0.015882
0.017427
0.018089
0.015677
0.017458
0.019386
0.017704
0.016677
0.015584
0.012326
0.015094
0.014170
0.012423
0.014358
0.012919
0.011850
0.013879
0.011971
0.011809
0.012131
