0.089805
0.076817
0.068824
0.071031
0.071203
0.069786
0.072174
0.068325
0.069155
0.067706
0.064589
0.068018
0.065448
0.066963
0.065297
0.063966
0.062112
0.061797
0.064425
0.059603
0.058856
0.060542
0.054537
0.055924
0.056999
0.055768
0.055922
0.052839
0.049191
0.052160
0.051423
0.048364
0.049793
0.050247
0.045546
0.048135
0.049093
0.047093
0.046272
0.042770
0.050022
0.048626
0.044505
0.045807
0.044254
0.045872
0.046391
0.044658
0.043137
0.047170
0.043128
0.042449
0.044373
0.042810
0.040347
0.043330
0.041779
0.043382
0.042082
0.044268
0.042923
0.041952
0.043682
0.041602
0.039263
0.038401
0.041878
0.037943
0.037847
0.038318
0.037395
0.038365
0.032701
0.034259
0.032529
0.033829
0.030124
0.028294
0.031820
0.028185
0.023372
0.025677
0.025924
0.028467
0.022566
0.024062
0.023483
0.020939
0.021043
0.019658
0.018376
0.020609
0.020544
0.023117
0.022072
0.020377
0.018527
0.018148
0.020380
0.016061
0.014104
0.015794
0.014621
0.015327
0.017625
0.014162
0.012411
0.014953
0.014685
0.015110
0.011618
0.014330
0.010665
0.014449
0.012103
0.012422
0.009818
0.011430
0.011089
0.012452
0.010048
0.008179
0.008935
0.008737
0.008273
0.008708
0.008178
0.006282
0.007707
0.010069
0.007136
0.007221
0.009767
0.008419
0.009836
0.008085
0.008210
0.007037
0.007849
0.007948
0.008050
0.006979
0.007171
0.008958
0.007265
0.007075
0.007696
0.006344
0.005775
0.006951
