0.116793
0.133468
0.097638
0.085104
0.076232
0.073453
0.072881
0.070848
0.071828
0.072143
0.071399
0.072108
0.071640
0.071955
0.071561
0.071434
0.068967
0.071034
0.069714
0.069895
0.069733
0.070844
0.071246
0.071495
0.071018
0.072257
0.071333
0.068830
0.071158
0.073292
0.071273
0.069549
0.068040
0.069937
0.069198
0.069419
0.069045
0.070240
0.069925
0.066878
0.068182
0.067755
0.069514
0.067049
0.066453
0.067116
0.068095
0.067958
0.067752
0.067117
0.068010
0.066896
0.065510
0.066723
0.065330
0.065718
0.064395
0.063668
0.065891
0.063927
0.064350
0.066472
0.067559
0.068193
0.065872
0.065542
0.066705
0.065771
0.065945
0.067790
0.067332
0.066696
0.066382
0.066386
0.064585
0.063699
0.064768
0.061999
0.065444
0.063768
0.065891
0.065957
0.065467
0.064016
0.061610
0.061461
0.061665
0.060543
0.059603
0.059315
0.058208
0.059646
0.058787
0.063428
0.056533
0.059808
0.062026
0.059644
0.060589
0.059538
0.063393
0.061236
0.060258
0.063769
0.060141
0.063835
0.059977
0.058542
0.058822
0.060160
0.058830
0.056988
0.058939
0.059557
0.062507
0.062447
0.062169
0.059020
0.056164
0.061176
0.066504
0.060136
0.062839
0.060020
0.060508
0.057652
0.055556
0.055307
0.058747
0.058178
0.053766
0.055369
0.055408
0.056000
0.052385
0.055475
0.055379
0.055500
0.052010
0.057286
0.051491
0.053960
0.054716
0.051643
0.052892
0.050116
0.054736
0.055273
0.052332
0.051982
