0.097289
0.079586
0.071858
0.073409
0.067750
0.066198
0.064261
0.065204
0.054377
0.055270
0.056776
0.055526
0.054794
0.055590
0.052528
0.050817
0.054433
0.052869
0.045834
0.048934
0.049620
0.044915
0.047702
0.042820
0.045073
0.043318
0.041729
0.041815
0.036333
0.038778
0.037944
0.032316
0.034399
0.032512
0.030377
0.033264
0.031205
0.029569
0.030079
0.026020
0.026139
0.023075
0.031952
0.031870
0.024724
0.032470
0.028698
0.034686
0.023246
0.021675
0.029635
0.016089
0.009641
0.015308
0.010426
0.009209
0.007445
0.009328
0.005595
0.006235
0.003094
0.004434
0.004148
0.004748
0.003997
0.002976
0.002840
0.002086
0.002059
0.002026
0.003138
0.002677
0.001859
0.001455
0.002461
0.001838
0.001477
0.001105
0.000844
0.001263
0.000944
0.000452
0.000480
0.001096
0.000378
0.002386
0.000476
0.000759
0.000935
0.001275
0.000591
0.000568
0.000599
0.000388
0.000514
0.000334
0.000346
0.000311
0.000311
0.000281
0.000245
0.000154
0.000262
0.000206
0.000248
0.000126
0.000269
0.000159
0.000151
0.000196
0.000132
0.000098
0.000096
0.000084
0.000126
0.000114
0.000102
0.000083
0.000177
0.000136
0.000081
0.000083
0.000067
0.000063
0.000070
0.000057
0.000085
0.000055
0.000065
0.000063
0.000053
0.000046
0.000077
0.000055
0.000080
0.000049
0.000048
0.000049
0.000048
0.000028
0.000036
0.000037
0.000049
0.000047
0.000037
0.000037
0.000036
0.000031
0.000032
0.000043
