0.145000
0.165000
0.165000
0.165000
0.165000
0.165000
0.165000
0.165000
0.165000
0.165000
0.165000
0.165000
0.165000
0.165000
0.165000
0.165000
0.165000
0.165000
0.165000
0.165000
0.165000
0.165000
0.165000
0.170000
0.175000
0.170000
0.175000
0.175000
0.205000
0.205000
0.195000
0.185000
0.225000
0.300000
0.345000
0.365000
0.390000
0.400000
0.400000
0.405000
0.405000
0.455000
0.405000
0.450000
0.425000
0.480000
0.475000
0.475000
0.480000
0.490000
0.490000
0.495000
0.495000
0.495000
0.490000
0.490000
0.495000
0.490000
0.495000
0.495000
0.495000
0.495000
0.495000
0.495000
0.495000
0.495000
0.495000
0.495000
0.495000
0.495000
0.495000
0.495000
0.495000
0.495000
0.495000
0.495000
0.495000
0.495000
0.495000
0.495000
0.495000
0.495000
0.495000
0.495000
0.495000
0.495000
0.495000
0.495000
0.495000
0.495000
0.495000
0.495000
0.495000
0.495000
0.495000
0.490000
0.495000
0.495000
0.495000
0.495000
0.495000
0.495000
0.495000
0.495000
0.495000
0.495000
0.495000
0.495000
0.495000
0.495000
0.495000
0.495000
0.495000
0.495000
0.495000
0.495000
0.495000
0.495000
0.495000
0.495000
0.495000
0.495000
0.495000
0.495000
0.495000
0.495000
0.495000
0.495000
0.495000
0.495000
0.495000
0.495000
0.495000
0.495000
0.495000
0.495000
0.495000
0.495000
0.495000
0.495000
0.495000
0.495000
0.495000
0.495000
0.495000
0.495000
0.495000
0.495000
0.495000
0.495000
