0.170000
0.180000
0.180000
0.180000
0.180000
0.180000
0.180000
0.180000
0.180000
0.180000
0.180000
0.180000
0.180000
0.180000
0.180000
0.180000
0.185000
0.185000
0.190000
0.195000
0.220000
0.185000
0.190000
0.200000
0.220000
0.235000
0.240000
0.210000
0.180000
0.180000
0.180000
0.180000
0.180000
0.180000
0.180000
0.180000
0.180000
0.180000
0.180000
0.180000
0.180000
0.180000
0.180000
0.180000
0.180000
0.180000
0.180000
0.180000
0.180000
0.180000
0.180000
0.180000
0.180000
0.180000
0.180000
0.180000
0.180000
0.180000
0.180000
0.180000
0.180000
0.180000
0.180000
0.180000
0.180000
0.180000
0.180000
0.180000
0.180000
0.180000
0.180000
0.180000
0.180000
0.180000
0.180000
0.180000
0.180000
0.180000
0.180000
0.180000
0.180000
0.180000
0.180000
0.180000
0.180000
0.180000
0.180000
0.180000
0.180000
0.180000
0.180000
0.180000
0.180000
0.180000
0.180000
0.180000
0.180000
0.180000
0.180000
0.180000
0.180000
0.180000
0.180000
0.180000
0.180000
0.180000
0.180000
0.180000
0.180000
0.180000
0.180000
0.180000
0.180000
0.180000
0.180000
0.180000
0.180000
0.330000
0.335000
0.325000
0.335000
0.340000
0.335000
0.345000
0.345000
0.345000
0.345000
0.345000
0.345000
0.345000
0.345000
0.345000
0.345000
0.345000
0.345000
0.345000
0.345000
0.345000
0.345000
0.345000
0.345000
0.345000
0.345000
0.345000
0.345000
0.345000
0.345000
0.345000
0.345000
0.345000
