0.184539
0.062948
0.062831
0.062398
0.064065
0.062712
0.062712
0.062712
0.062712
0.062712
0.062712
0.062712
0.062712
0.062712
0.062753
0.059542
0.060403
0.055485
0.056098
0.054213
0.053083
0.054734
0.054648
0.053514
0.055312
0.054790
0.053446
0.053340
0.054840
0.054664
0.052831
0.052919
0.053658
0.054636
0.054117
0.052916
0.053418
0.053497
0.053378
0.054189
0.053162
0.051840
0.053027
0.052241
0.051679
0.052437
0.054245
0.052093
0.051273
0.053206
0.053684
0.052963
0.052888
0.051972
0.053631
0.053429
0.053084
0.052641
0.052713
0.051801
0.053498
0.051716
0.053324
0.053420
0.053351
0.051044
0.052626
0.051679
0.051719
0.053332
0.050826
0.053321
0.052455
0.050814
0.053279
0.051596
0.051633
0.051592
0.052434
0.051650
0.050861
0.051606
0.053280
0.050758
0.050723
0.052422
0.050872
0.050717
0.052424
0.053246
0.049892
0.052399
0.051553
0.050709
0.050702
0.053242
0.051547
0.051553
0.052400
0.050697
0.053226
0.052403
0.053212
0.051560
0.052379
0.051533
0.053216
0.052384
0.051535
0.052374
0.052388
0.053214
0.052376
0.053212
0.051550
0.052373
0.052372
0.051536
0.052373
0.051524
0.052371
0.053213
0.053204
0.050693
0.051532
0.053210
0.053212
0.051530
0.051528
0.051531
0.049848
0.051536
0.051522
0.053217
0.050690
0.053203
0.052371
0.053206
0.051529
0.053205
0.050691
0.053205
0.051530
0.051526
0.053202
0.052364
0.052371
0.052361
0.050694
0.053210
