0.384109
0.077437
0.063274
0.062751
0.062751
0.062325
0.062160
0.062249
0.062155
0.062048
0.061436
0.061572
0.060658
0.061067
0.059761
0.057756
0.059637
0.057929
0.061394
0.058191
0.056996
0.054433
0.052845
0.051390
0.047341
0.053997
0.049867
0.047307
0.043924
0.044566
0.042935
0.045273
0.043389
0.039538
0.036937
0.038552
0.038928
0.038708
0.033492
0.036334
0.036397
0.036459
0.035281
0.034927
0.037305
0.037247
0.033637
0.035544
0.033171
0.034769
0.031451
0.032178
0.031966
0.027429
0.026144
0.026688
0.023297
0.023758
0.029175
0.022503
0.026460
0.025384
0.023207
0.024284
0.021746
0.024263
0.023055
0.022313
0.024226
0.021758
0.021230
0.021153
0.021270
0.021771
0.023035
0.022561
0.022277
0.020602
0.021231
0.019484
0.020341
0.020466
0.019584
0.021097
0.020276
0.020227
0.021855
0.021052
0.021006
0.022742
0.020957
0.020297
0.020984
0.019332
0.018458
0.018423
0.019264
0.021770
0.020103
0.021776
0.020071
0.020133
0.020064
0.021759
0.021731
0.020887
0.020921
0.023395
0.018369
0.018831
0.018436
0.028051
0.020762
0.020192
0.021560
0.021819
0.020544
0.015200
0.013568
0.012454
0.011526
0.011554
0.010952
0.010524
0.009830
0.010497
0.010586
0.009482
0.012818
0.010073
0.011022
0.010090
0.010837
0.010013
0.009208
0.011649
0.010003
0.010793
0.011628
0.011615
0.009128
0.010005
0.009958
0.009957
0.009956
0.009090
0.009942
0.009224
0.012495
0.011658
