0.159332
0.062712
0.062712
0.062712
0.062712
0.062712
0.062712
0.062712
0.062712
0.062712
0.062712
0.062712
0.062712
0.062712
0.062712
0.062712
0.062712
0.062712
0.062712
0.062712
0.062712
0.062712
0.062712
0.062634
0.062517
0.062595
0.062479
0.062639
0.061527
0.062816
0.061928
0.061972
0.061310
0.058935
0.055814
0.056407
0.053156
0.051138
0.053066
0.049783
0.050524
0.049642
0.049961
0.048891
0.051342
0.048138
0.046861
0.048057
0.046198
0.045902
0.044452
0.043389
0.045270
0.044939
0.045064
0.044946
0.043092
0.044656
0.045003
0.044112
0.044911
0.044308
0.043454
0.044410
0.041442
0.043024
0.043430
0.045001
0.044342
0.042595
0.043986
0.042606
0.041638
0.041679
0.044067
0.042290
0.040706
0.041374
0.043043
0.042160
0.042071
0.042051
0.044551
0.042124
0.041996
0.038756
0.042888
0.043123
0.043638
0.041761
0.042545
0.042254
0.042261
0.044882
0.043130
0.044849
0.041016
0.042588
0.040300
0.042791
0.042081
0.042745
0.042737
0.041820
0.043523
0.041899
0.041037
0.043501
0.043559
0.040978
0.041827
0.043536
0.042662
0.040177
0.042630
0.043489
0.040187
0.044281
0.041825
0.041797
0.042625
0.041829
0.042604
0.040930
0.043473
0.042657
0.040948
0.042632
0.041792
0.043447
0.040100
0.041790
0.042633
0.043445
0.040962
0.042607
0.042612
0.041756
0.043427
0.040932
0.042619
0.042609
0.043471
0.044265
0.042740
0.041277
0.042729
0.043167
0.042645
0.041916
