0.150000
0.190000
0.250000
0.280000
0.355000
0.275000
0.450000
0.435000
0.480000
0.500000
0.520000
0.600000
0.580000
0.495000
0.535000
0.555000
0.645000
0.580000
0.645000
0.730000
0.695000
0.670000
0.740000
0.715000
0.835000
0.760000
0.795000
0.750000
0.765000
0.755000
0.755000
0.765000
0.795000
0.790000
0.825000
0.830000
0.875000
0.870000
0.895000
0.900000
0.895000
0.890000
0.905000
0.920000
0.930000
0.940000
0.945000
0.930000
0.965000
0.970000
0.975000
0.975000
0.980000
0.965000
0.980000
1.000000
1.000000
1.000000
1.000000
1.000000
1.000000
0.990000
0.995000
0.985000
0.970000
0.995000
1.000000
0.980000
0.990000
0.995000
1.000000
1.000000
1.000000
0.995000
1.000000
1.000000
1.000000
1.000000
1.000000
1.000000
1.000000
1.000000
1.000000
1.000000
1.000000
1.000000
1.000000
1.000000
1.000000
1.000000
1.000000
1.000000
1.000000
1.000000
1.000000
1.000000
1.000000
1.000000
1.000000
1.000000
1.000000
1.000000
1.000000
1.000000
1.000000
1.000000
1.000000
1.000000
1.000000
1.000000
1.000000
1.000000
1.000000
1.000000
1.000000
1.000000
1.000000
1.000000
1.000000
1.000000
1.000000
1.000000
1.000000
1.000000
1.000000
1.000000
1.000000
1.000000
1.000000
1.000000
1.000000
1.000000
1.000000
1.000000
1.000000
0.980000
0.805000
0.815000
0.780000
0.710000
0.605000
0.805000
0.835000
0.900000
0.945000
0.915000
0.975000
0.990000
1.000000
1.000000
