0.195000
0.195000
0.295000
0.185000
0.175000
0.175000
0.175000
0.175000
0.175000
0.175000
0.175000
0.175000
0.175000
0.175000
0.175000
0.175000
0.175000
0.175000
0.175000
0.175000
0.175000
0.175000
0.175000
0.175000
0.175000
0.175000
0.175000
0.175000
0.175000
0.175000
0.175000
0.175000
0.175000
0.175000
0.175000
0.175000
0.175000
0.175000
0.175000
0.175000
0.180000
0.180000
0.180000
0.180000
0.180000
0.180000
0.180000
0.185000
0.195000
0.195000
0.205000
0.240000
0.235000
0.235000
0.230000
0.230000
0.180000
0.175000
0.180000
0.175000
0.185000
0.195000
0.250000
0.210000
0.185000
0.230000
0.235000
0.240000
0.230000
0.250000
0.245000
0.255000
0.255000
0.260000
0.255000
0.175000
0.175000
0.175000
0.175000
0.175000
0.175000
0.175000
0.175000
0.175000
0.175000
0.175000
0.175000
0.175000
0.175000
0.175000
0.175000
0.175000
0.175000
0.175000
0.175000
0.175000
0.175000
0.175000
0.175000
0.175000
0.175000
0.175000
0.175000
0.175000
0.175000
0.180000
0.220000
0.280000
0.240000
0.310000
0.355000
0.370000
0.365000
0.375000
0.375000
0.400000
0.395000
0.420000
0.395000
0.395000
0.420000
0.430000
0.405000
0.405000
0.375000
0.440000
0.460000
0.455000
0.445000
0.450000
0.450000
0.405000
0.455000
0.475000
0.490000
0.480000
0.355000
0.405000
0.340000
0.320000
0.325000
0.320000
0.295000
0.320000
0.330000
0.335000
0.335000
0.335000
0.335000
0.335000
