0.200000
0.150000
0.160000
0.150000
0.160000
0.160000
0.165000
0.175000
0.185000
0.215000
0.265000
0.250000
0.295000
0.275000
0.290000
0.270000
0.290000
0.300000
0.305000
0.270000
0.285000
0.315000
0.310000
0.320000
0.305000
0.320000
0.310000
0.315000
0.320000
0.320000
0.320000
0.320000
0.320000
0.320000
0.320000
0.320000
0.320000
0.320000
0.315000
0.320000
0.320000
0.315000
0.320000
0.315000
0.320000
0.320000
0.320000
0.320000
0.320000
0.320000
0.320000
0.320000
0.320000
0.320000
0.320000
0.320000
0.320000
0.320000
0.320000
0.320000
0.320000
0.320000
0.320000
0.320000
0.320000
0.320000
0.320000
0.320000
0.320000
0.320000
0.320000
0.320000
0.320000
0.320000
0.320000
0.320000
0.320000
0.320000
0.320000
0.320000
0.320000
0.320000
0.320000
0.320000
0.320000
0.320000
0.320000
0.320000
0.320000
0.320000
0.320000
0.320000
0.320000
0.320000
0.320000
0.320000
0.320000
0.320000
0.320000
0.320000
0.320000
0.320000
0.320000
0.320000
0.320000
0.320000
0.320000
0.320000
0.320000
0.320000
0.320000
0.320000
0.320000
0.320000
0.320000
0.320000
0.315000
0.320000
0.315000
0.315000
0.320000
0.335000
0.375000
0.400000
0.425000
0.445000
0.495000
0.510000
0.510000
0.530000
0.505000
0.550000
0.555000
0.545000
0.545000
0.555000
0.555000
0.550000
0.535000
0.540000
0.550000
0.555000
0.545000
0.565000
0.550000
0.565000
0.530000
0.530000
0.545000
0.580000
