0.280893
0.072083
0.062714
0.062830
0.062634
0.062595
0.062517
0.062283
0.062529
0.060487
0.057905
0.057644
0.055842
0.054666
0.054645
0.056178
0.053234
0.055349
0.054834
0.057047
0.052112
0.053368
0.053911
0.053920
0.052203
0.053981
0.051362
0.052928
0.052124
0.052847
0.051195
0.052856
0.052793
0.052917
0.051905
0.052781
0.051981
0.052774
0.052809
0.052899
0.051959
0.052782
0.052091
0.052727
0.053768
0.051044
0.052724
0.052746
0.053566
0.053579
0.051899
0.053524
0.051046
0.051831
0.051017
0.051023
0.052726
0.051844
0.053519
0.051904
0.051825
0.053508
0.052700
0.052660
0.053529
0.053524
0.052664
0.053523
0.052677
0.052664
0.052679
0.051846
0.051854
0.053492
0.052685
0.052665
0.051832
0.052656
0.051829
0.053511
0.052670
0.051853
0.050983
0.052674
0.051000
0.052648
0.053493
0.051846
0.053493
0.051850
0.053489
0.051824
0.053500
0.052646
0.051839
0.053483
0.052650
0.052654
0.050973
0.052655
0.052649
0.052661
0.053486
0.051824
0.053482
0.050992
0.053488
0.053494
0.053495
0.052648
0.051968
0.051396
0.052625
0.051602
0.049193
0.051501
0.049711
0.050294
0.051081
0.050512
0.048815
0.048655
0.049103
0.047387
0.047278
0.046582
0.043975
0.044665
0.044874
0.042068
0.041792
0.040860
0.039624
0.040883
0.038353
0.040337
0.039202
0.038131
0.039056
0.040891
0.040742
0.040858
0.040760
0.037323
0.039350
0.037404
0.037532
0.039981
0.031441
0.033063
