0.241041
0.062241
0.063464
0.061353
0.061222
0.059259
0.059635
0.058970
0.059039
0.057613
0.057578
0.058262
0.057794
0.056845
0.057593
0.056223
0.056078
0.057097
0.058485
0.057776
0.056535
0.055369
0.057065
0.055911
0.055432
0.054785
0.052478
0.052977
0.051414
0.053091
0.052203
0.052040
0.050993
0.051246
0.053863
0.056368
0.053582
0.054614
0.054483
0.053537
0.055686
0.056131
0.053600
0.051181
0.054288
0.051116
0.052755
0.051301
0.050673
0.051475
0.053751
0.053750
0.054793
0.053579
0.053200
0.054394
0.053541
0.052892
0.053755
0.054190
0.053677
0.053107
0.053268
0.052958
0.053857
0.053672
0.051276
0.051880
0.051941
0.053540
0.051902
0.053263
0.050812
0.051187
0.052564
0.055669
0.054912
0.052094
0.051271
0.051387
0.051262
0.050316
0.050944
0.049921
0.048922
0.048635
0.049940
0.048889
0.050397
0.048757
0.049522
0.050153
0.049817
0.049400
0.049621
0.050021
0.049702
0.049900
0.050338
0.048738
0.048218
0.049103
0.049958
0.049705
0.048425
0.048005
0.048238
0.049971
0.047453
0.048161
0.047792
0.049085
0.047962
0.049418
0.047128
0.046930
0.049045
0.049011
0.047832
0.048391
0.046567
0.046760
0.050505
0.048156
0.048248
0.049234
0.048196
0.047630
0.048462
0.045433
0.046410
0.043410
0.048715
0.050295
0.053060
0.050041
0.052551
0.051259
0.053498
0.053162
0.051153
0.051095
0.051015
0.050193
0.051712
0.051467
0.051210
0.048839
0.050633
0.049535
