0.352732
0.328560
0.191340
0.062023
0.062712
0.062712
0.062712
0.062712
0.062712
0.062712
0.062712
0.062712
0.062712
0.062712
0.062712
0.062712
0.062712
0.062712
0.062712
0.062712
0.062712
0.062712
0.062712
0.062712
0.062712
0.062712
0.062712
0.062712
0.062712
0.062712
0.062712
0.062712
0.062712
0.062712
0.062712
0.062712
0.062712
0.062712
0.062712
0.062712
0.062595
0.062595
0.062595
0.062595
0.062595
0.062595
0.062595
0.062517
0.062291
0.062283
0.062246
0.061383
0.061236
0.061386
0.061499
0.061332
0.062595
0.062712
0.062595
0.062712
0.062478
0.062244
0.061338
0.061850
0.062478
0.061383
0.061611
0.060519
0.061343
0.060549
0.060822
0.059357
0.060900
0.059542
0.062479
0.062712
0.062712
0.062712
0.062712
0.062712
0.062712
0.062712
0.062712
0.062712
0.062712
0.062712
0.062712
0.062712
0.062712
0.062712
0.062712
0.062712
0.062712
0.062712
0.062712
0.062712
0.062712
0.062712
0.062712
0.062712
0.062712
0.062712
0.062712
0.062712
0.062712
0.061915
0.060582
0.058864
0.060053
0.057970
0.057575
0.057263
0.054539
0.053923
0.053467
0.053951
0.052210
0.053426
0.054814
0.053290
0.053167
0.052072
0.053234
0.053079
0.053718
0.050619
0.050193
0.049203
0.049642
0.048618
0.050363
0.052223
0.048809
0.047275
0.047824
0.050954
0.055424
0.054124
0.056532
0.056243
0.055866
0.051378
0.056751
0.055420
0.053451
0.055423
0.054458
0.054276
0.052886
0.055202
