0.292600
0.279729
0.220192
0.169125
0.082014
0.064122
0.059136
0.050721
0.050803
0.049262
0.044886
0.042438
0.041131
0.042456
0.042366
0.039382
0.035200
0.032870
0.033360
0.029129
0.025610
0.026347
0.026895
0.027443
0.020610
0.023182
0.027013
0.029244
0.029445
0.025970
0.024915
0.020551
0.020135
0.017928
0.017786
0.017198
0.017115
0.015459
0.016078
0.013998
0.014999
0.014060
0.013908
0.012981
0.012885
0.014056
0.013825
0.013152
0.012672
0.012621
0.013019
0.013305
0.012531
0.016103
0.015791
0.012492
0.010778
0.011887
0.012962
0.011735
0.012664
0.012293
0.013437
0.012988
0.012680
0.012605
0.013169
0.012262
0.013099
0.010320
0.011846
0.010937
0.010259
0.010160
0.010263
0.010097
0.010398
0.012488
0.010810
0.011539
0.009965
0.010681
0.010689
0.010696
0.009855
0.010671
0.010683
0.009796
0.011486
0.010647
0.012270
0.011458
0.009737
0.011455
0.009776
0.011406
0.010552
0.010550
0.011406
0.009791
0.009753
0.010560
0.010566
0.010577
0.013040
0.010534
0.011381
0.009713
0.011420
0.010547
0.011358
0.010560
0.010502
0.010535
0.010517
0.010521
0.010498
0.010512
0.013002
0.011354
0.011340
0.009661
0.011352
0.010574
0.011364
0.009698
0.009663
0.009645
0.011321
0.011350
0.009635
0.011315
0.010488
0.010956
0.008978
0.006490
0.022225
0.013596
0.033913
0.052739
0.047882
0.019629
0.012085
0.010937
0.006459
0.006843
0.003692
0.001894
0.001281
0.000968
