0.275306
0.062321
0.063708
0.062712
0.062712
0.062712
0.062712
0.062712
0.062712
0.062712
0.062712
0.062595
0.062595
0.062478
0.062166
0.062210
0.061896
0.062244
0.061290
0.061335
0.061770
0.061091
0.063164
0.062712
0.062712
0.062712
0.062712
0.062712
0.062712
0.062712
0.062712
0.062712
0.062595
0.062401
0.062480
0.061936
0.061899
0.060924
0.061706
0.060924
0.061588
0.061157
0.060099
0.061232
0.060691
0.060878
0.060599
0.060483
0.059581
0.061656
0.062712
0.062712
0.062712
0.062712
0.062712
0.062712
0.062712
0.062712
0.062712
0.062712
0.062712
0.062712
0.062712
0.062712
0.062712
0.062712
0.062712
0.062712
0.062712
0.062712
0.062712
0.062595
0.062595
0.062244
0.062244
0.062129
0.060868
0.060403
0.060385
0.058652
0.059677
0.059223
0.057661
0.057024
0.055906
0.057263
0.055366
0.057100
0.054854
0.056298
0.055318
0.070056
0.060524
0.063206
0.061923
0.062478
0.062361
0.061648
0.062595
0.062712
0.062712
0.062712
0.062045
0.061709
0.061557
0.060650
0.059544
0.057830
0.059874
0.058080
0.057805
0.058696
0.058509
0.057222
0.057375
0.057759
0.056795
0.055642
0.056807
0.056867
0.056121
0.056151
0.056180
0.056542
0.056180
0.056390
0.054476
0.053990
0.052969
0.054365
0.053954
0.053786
0.052036
0.052299
0.051659
0.051821
0.051440
0.051740
0.051987
0.052652
0.052100
0.050590
0.051189
0.051360
0.051054
0.052194
0.050901
0.049376
0.050747
0.050935
