0.357730
0.186766
0.062534
0.062556
0.062751
0.062517
0.061671
0.058628
0.053768
0.053589
0.051912
0.053747
0.050854
0.048596
0.047343
0.046212
0.046534
0.047913
0.045150
0.045658
0.044454
0.043671
0.042226
0.043226
0.039717
0.041105
0.040891
0.041566
0.045465
0.042029
0.038500
0.035289
0.033566
0.034239
0.032851
0.032047
0.034635
0.031491
0.031479
0.031956
0.030798
0.032305
0.031201
0.030936
0.030701
0.028465
0.031964
0.029836
0.031352
0.029695
0.029563
0.031492
0.028447
0.027735
0.027506
0.027309
0.025400
0.027822
0.027845
0.026761
0.028319
0.027774
0.025918
0.027355
0.029694
0.028187
0.024164
0.023926
0.026422
0.024213
0.023558
0.023901
0.024231
0.025367
0.030350
0.029700
0.032276
0.031605
0.025754
0.024333
0.025178
0.023943
0.025533
0.024877
0.022146
0.022066
0.026493
0.025996
0.020442
0.022626
0.022239
0.023058
0.018589
0.018275
0.017181
0.017790
0.015917
0.016403
0.016717
0.014228
0.017063
0.019864
0.014986
0.016656
0.013591
0.013408
0.013359
0.015251
0.017306
0.016632
0.014943
0.015889
0.014161
0.012414
0.012985
0.011870
0.013022
0.012951
0.012003
0.013201
0.012131
0.013168
0.011571
0.010178
0.010126
0.011700
0.011920
0.010020
0.010575
0.012663
0.011531
0.011902
0.010646
0.011148
0.009877
0.010906
0.010591
0.009931
0.012219
0.011426
0.010389
0.011187
0.012000
0.009492
0.010287
0.011944
0.011988
0.010352
0.009516
0.011941
