0.165000
0.225000
0.255000
0.380000
0.395000
0.425000
0.310000
0.340000
0.330000
0.420000
0.390000
0.415000
0.465000
0.540000
0.615000
0.600000
0.610000
0.600000
0.600000
0.565000
0.605000
0.620000
0.630000
0.660000
0.620000
0.675000
0.670000
0.730000
0.725000
0.720000
0.775000
0.785000
0.770000
0.805000
0.745000
0.815000
0.810000
0.815000
0.820000
0.805000
0.805000
0.810000
0.820000
0.785000
0.815000
0.810000
0.815000
0.825000
0.795000
0.815000
0.830000
0.830000
0.740000
0.740000
0.750000
0.770000
0.800000
0.835000
0.825000
0.835000
0.830000
0.835000
0.830000
0.835000
0.835000
0.835000
0.835000
0.835000
0.835000
0.835000
0.835000
0.835000
0.835000
0.835000
0.835000
0.835000
0.835000
0.835000
0.835000
0.835000
0.835000
0.835000
0.835000
0.835000
0.835000
0.835000
0.835000
0.835000
0.835000
0.835000
0.835000
0.835000
0.835000
0.835000
0.835000
0.835000
0.835000
0.835000
0.835000
0.835000
0.835000
0.835000
0.835000
0.835000
0.835000
0.835000
0.835000
0.835000
0.835000
0.835000
0.835000
0.835000
0.835000
0.835000
0.835000
0.835000
0.835000
0.835000
0.835000
0.835000
0.835000
0.835000
0.835000
0.835000
0.835000
0.835000
0.835000
0.835000
0.835000
0.835000
0.835000
0.835000
0.835000
0.835000
0.835000
0.835000
0.835000
0.835000
0.835000
0.835000
0.835000
0.835000
0.835000
0.835000
0.835000
0.835000
0.835000
0.835000
0.835000
0.835000
