0.195000
0.175000
0.195000
0.265000
0.265000
0.265000
0.285000
0.285000
0.300000
0.300000
0.310000
0.305000
0.315000
0.310000
0.305000
0.305000
0.315000
0.310000
0.315000
0.315000
0.315000
0.315000
0.315000
0.320000
0.320000
0.320000
0.320000
0.320000
0.320000
0.320000
0.320000
0.325000
0.325000
0.325000
0.325000
0.325000
0.325000
0.325000
0.325000
0.325000
0.325000
0.325000
0.330000
0.335000
0.335000
0.335000
0.335000
0.335000
0.335000
0.335000
0.335000
0.335000
0.330000
0.320000
0.335000
0.320000
0.335000
0.330000
0.330000
0.335000
0.330000
0.335000
0.335000
0.335000
0.335000
0.335000
0.335000
0.335000
0.335000
0.335000
0.335000
0.335000
0.335000
0.335000
0.335000
0.335000
0.335000
0.335000
0.335000
0.335000
0.335000
0.335000
0.335000
0.335000
0.335000
0.335000
0.335000
0.335000
0.335000
0.335000
0.335000
0.335000
0.335000
0.335000
0.335000
0.335000
0.335000
0.335000
0.335000
0.335000
0.335000
0.335000
0.335000
0.335000
0.340000
0.350000
0.390000
0.440000
0.430000
0.430000
0.450000
0.455000
0.475000
0.435000
0.445000
0.485000
0.450000
0.470000
0.490000
0.515000
0.490000
0.465000
0.495000
0.550000
0.560000
0.515000
0.590000
0.570000
0.550000
0.595000
0.615000
0.605000
0.610000
0.630000
0.610000
0.650000
0.640000
0.650000
0.660000
0.665000
0.665000
0.650000
0.615000
0.620000
0.665000
0.660000
0.665000
0.655000
0.660000
0.665000
