0.185000
0.145000
0.170000
0.170000
0.170000
0.170000
0.170000
0.170000
0.170000
0.170000
0.170000
0.170000
0.170000
0.170000
0.170000
0.170000
0.170000
0.170000
0.170000
0.170000
0.170000
0.170000
0.170000
0.175000
0.175000
0.180000
0.200000
0.275000
0.250000
0.310000
0.295000
0.295000
0.320000
0.315000
0.320000
0.325000
0.325000
0.325000
0.325000
0.325000
0.325000
0.320000
0.325000
0.325000
0.320000
0.330000
0.325000
0.330000
0.325000
0.330000
0.330000
0.330000
0.330000
0.330000
0.330000
0.330000
0.330000
0.330000
0.330000
0.330000
0.330000
0.330000
0.330000
0.325000
0.330000
0.330000
0.335000
0.330000
0.335000
0.330000
0.335000
0.335000
0.335000
0.295000
0.330000
0.310000
0.335000
0.325000
0.335000
0.335000
0.330000
0.335000
0.335000
0.335000
0.335000
0.335000
0.335000
0.335000
0.335000
0.335000
0.335000
0.335000
0.335000
0.340000
0.355000
0.375000
0.390000
0.445000
0.435000
0.455000
0.465000
0.505000
0.535000
0.550000
0.570000
0.565000
0.605000
0.560000
0.540000
0.485000
0.585000
0.580000
0.625000
0.585000
0.685000
0.625000
0.710000
0.690000
0.700000
0.735000
0.760000
0.760000
0.765000
0.765000
0.775000
0.780000
0.790000
0.795000
0.790000
0.790000
0.825000
0.815000
0.810000
0.825000
0.825000
0.810000
0.835000
0.815000
0.830000
0.820000
0.830000
0.840000
0.835000
0.840000
0.820000
0.840000
0.820000
0.840000
0.840000
0.835000
