0.442629
0.067024
0.062712
0.062712
0.062712
0.062712
0.062712
0.062712
0.062712
0.062712
0.062712
0.062712
0.062712
0.062712
0.062712
0.061630
0.062951
0.062712
0.062712
0.062712
0.062712
0.062712
0.062712
0.062595
0.062595
0.062478
0.062352
0.060887
0.060339
0.059452
0.059969
0.058740
0.057792
0.058165
0.058090
0.057072
0.056843
0.056477
0.056187
0.055896
0.056601
0.056566
0.055218
0.054447
0.055723
0.056020
0.055129
0.055761
0.054036
0.055587
0.055101
0.054509
0.054703
0.053472
0.054123
0.053458
0.052708
0.052360
0.053784
0.054209
0.054856
0.054129
0.053128
0.054967
0.052589
0.052228
0.054979
0.054204
0.053629
0.054648
0.052659
0.053291
0.052568
0.057634
0.056580
0.054737
0.054915
0.055388
0.053585
0.054000
0.053660
0.052453
0.052653
0.053902
0.053471
0.054152
0.053974
0.052325
0.052940
0.052929
0.052879
0.051190
0.052799
0.053544
0.052671
0.050579
0.050214
0.049113
0.047670
0.048533
0.046023
0.044454
0.044371
0.041306
0.041312
0.039514
0.037134
0.038381
0.043222
0.047183
0.042014
0.038889
0.037823
0.041566
0.038096
0.034942
0.035580
0.032411
0.031076
0.030946
0.031495
0.028614
0.027792
0.026776
0.027544
0.026572
0.024431
0.024506
0.023369
0.024397
0.024661
0.026675
0.024458
0.024960
0.023368
0.023799
0.022301
0.021491
0.022831
0.022872
0.022394
0.021783
0.020872
0.023531
0.021550
0.024309
0.021773
0.023769
0.020594
0.020423
