0.376600
0.169770
0.061579
0.058253
0.059252
0.057071
0.057231
0.056379
0.054815
0.056128
0.055909
0.056421
0.052969
0.055021
0.054707
0.053592
0.051491
0.049811
0.053650
0.055150
0.052874
0.045436
0.045026
0.042736
0.044214
0.043942
0.046059
0.042588
0.043255
0.043450
0.045643
0.044026
0.043162
0.044784
0.044068
0.042837
0.042517
0.045370
0.042568
0.043458
0.040121
0.044115
0.042334
0.040603
0.042298
0.042276
0.043245
0.044647
0.044043
0.044008
0.043540
0.043306
0.038668
0.044782
0.041326
0.043442
0.043003
0.044352
0.042899
0.043040
0.042738
0.043490
0.040962
0.043525
0.040789
0.041665
0.043311
0.041594
0.043265
0.041611
0.043247
0.041564
0.041506
0.040811
0.042398
0.042386
0.042372
0.040683
0.040679
0.040706
0.041505
0.039009
0.043189
0.038975
0.042349
0.041477
0.042349
0.043172
0.042338
0.040661
0.042303
0.038999
0.042311
0.043224
0.040633
0.040730
0.041464
0.040651
0.041527
0.042317
0.041496
0.039810
0.042309
0.042318
0.042244
0.039524
0.042555
0.040492
0.040292
0.039369
0.041489
0.040351
0.041231
0.038501
0.039631
0.040898
0.041388
0.037924
0.037517
0.038013
0.039108
0.038030
0.037851
0.035499
0.033470
0.036329
0.032829
0.036722
0.035538
0.031815
0.030316
0.030443
0.029979
0.028619
0.028257
0.028048
0.027367
0.023898
0.025053
0.027348
0.026390
0.026833
0.024974
0.026094
0.024877
0.025254
0.023026
0.023513
0.022990
0.021438
