0.272643
0.071127
0.062712
0.062712
0.062712
0.062712
0.062712
0.062712
0.062712
0.062712
0.062712
0.062712
0.062712
0.062712
0.062712
0.062712
0.062712
0.062712
0.062712
0.062712
0.062712
0.062712
0.062712
0.062712
0.062712
0.062712
0.062712
0.062712
0.062712
0.062712
0.062712
0.062712
0.062712
0.062712
0.062712
0.062712
0.062712
0.062712
0.062712
0.062712
0.062712
0.062712
0.062712
0.062712
0.062517
0.062400
0.062712
0.064884
0.062712
0.062712
0.062712
0.062712
0.062712
0.062712
0.062712
0.062712
0.062712
0.062712
0.062712
0.062712
0.062712
0.062712
0.062712
0.062712
0.062712
0.062712
0.062712
0.062712
0.062712
0.062712
0.062712
0.062712
0.062712
0.062712
0.062712
0.062712
0.062712
0.062712
0.062712
0.062712
0.062712
0.062712
0.062712
0.062712
0.062712
0.062712
0.062712
0.062712
0.062712
0.062712
0.062712
0.059814
0.062064
0.059476
0.059126
0.056289
0.058022
0.057612
0.057911
0.057468
0.057009
0.058357
0.056717
0.057199
0.055729
0.053864
0.056131
0.056117
0.054320
0.058886
0.057948
0.055338
0.056091
0.054934
0.055668
0.060023
0.060067
0.058686
0.057896
0.057160
0.055644
0.056670
0.055144
0.054860
0.052958
0.055022
0.055154
0.054262
0.055003
0.053904
0.053807
0.051511
0.052938
0.054416
0.052974
0.052775
0.052961
0.053568
0.051934
0.053550
0.053463
0.054387
0.053532
0.051044
0.052665
0.051775
0.053472
0.052075
0.051694
0.051769
