0.258097
0.062790
0.062712
0.062712
0.062244
0.067675
0.062712
0.062712
0.062484
0.062712
0.063125
0.062712
0.062712
0.062712
0.062712
0.062712
0.062712
0.062712
0.062712
0.062712
0.062712
0.062712
0.062712
0.062712
0.062712
0.062712
0.062712
0.062712
0.062712
0.062712
0.062712
0.062712
0.062712
0.062712
0.062712
0.062712
0.062712
0.062712
0.062712
0.062712
0.062712
0.062478
0.059804
0.057647
0.056641
0.056911
0.058249
0.055772
0.056729
0.055959
0.057005
0.055707
0.055482
0.054639
0.056626
0.056246
0.056754
0.053949
0.054274
0.052518
0.054212
0.053047
0.053909
0.053988
0.053833
0.051078
0.052735
0.051760
0.051772
0.053409
0.050926
0.053471
0.052522
0.050903
0.053310
0.051765
0.051610
0.051705
0.052452
0.051604
0.050835
0.051603
0.053287
0.050749
0.050735
0.052416
0.050747
0.050705
0.052452
0.053229
0.049920
0.052405
0.051545
0.050740
0.050698
0.053217
0.051535
0.051549
0.052376
0.050719
0.053207
0.051701
0.057632
0.062712
0.062712
0.062712
0.062712
0.062712
0.062712
0.062712
0.062712
0.062712
0.062712
0.062712
0.062712
0.062712
0.062712
0.062712
0.062712
0.062712
0.062712
0.062712
0.062712
0.062712
0.062712
0.062712
0.062712
0.062712
0.062712
0.062712
0.062712
0.062712
0.062712
0.062595
0.062595
0.062595
0.062478
0.062361
0.062244
0.061856
0.057238
0.056584
0.055155
0.053829
0.055408
0.054826
0.054685
0.054159
0.052627
0.054753
