0.296808
0.062231
0.062834
0.062323
0.062753
0.062785
0.062636
0.062521
0.062836
0.062332
0.062017
0.061706
0.061083
0.061235
0.061399
0.059785
0.060255
0.059726
0.059115
0.060461
0.059778
0.059031
0.059338
0.060445
0.059961
0.059365
0.059441
0.058971
0.057812
0.057164
0.058868
0.057220
0.057085
0.058190
0.055828
0.055532
0.055288
0.055230
0.054609
0.055420
0.055445
0.054140
0.054419
0.053736
0.054495
0.051602
0.053297
0.052412
0.052089
0.053595
0.054846
0.054388
0.053012
0.051267
0.052095
0.052649
0.051001
0.050571
0.050565
0.050937
0.050374
0.049666
0.051078
0.051468
0.050690
0.050940
0.050814
0.049616
0.050605
0.049983
0.050065
0.050434
0.049590
0.049230
0.050763
0.050119
0.049190
0.047582
0.046875
0.047639
0.047253
0.046387
0.052351
0.053656
0.053921
0.049624
0.050854
0.049578
0.043860
0.043300
0.043265
0.044169
0.041656
0.045256
0.041376
0.042743
0.042772
0.044156
0.043815
0.042027
0.040875
0.040603
0.039789
0.041683
0.041160
0.041651
0.041496
0.041665
0.039866
0.038691
0.038019
0.046744
0.046474
0.051903
0.054801
0.052739
0.052358
0.047094
0.046615
0.044811
0.044095
0.041491
0.041680
0.039576
0.042115
0.038411
0.035954
0.037075
0.034211
0.034229
0.032700
0.034976
0.034912
0.035408
0.033367
0.033578
0.033447
0.033676
0.032988
0.031624
0.033181
0.033246
0.033176
0.033873
0.031673
0.032044
0.033866
0.030919
0.033009
0.032031
