0.331419
0.308839
0.208522
0.194697
0.117323
0.062992
0.057391
0.057438
0.058040
0.053164
0.050107
0.048260
0.044248
0.038335
0.037238
0.033858
0.035305
0.032452
0.034550
0.037296
0.034906
0.032311
0.034103
0.030079
0.028241
0.030582
0.023989
0.023336
0.022019
0.019364
0.020902
0.019009
0.018837
0.017586
0.017811
0.017646
0.016379
0.015998
0.015723
0.016329
0.015111
0.015488
0.013822
0.016485
0.016999
0.016808
0.014403
0.015159
0.014745
0.012984
0.013543
0.012780
0.020648
0.022500
0.018252
0.020436
0.015967
0.013275
0.015175
0.013839
0.013936
0.012565
0.012756
0.011404
0.011945
0.012072
0.009994
0.010735
0.010723
0.012325
0.009861
0.009726
0.011357
0.011437
0.011482
0.010617
0.013126
0.011306
0.010409
0.011342
0.012885
0.012109
0.009633
0.009550
0.010383
0.011203
0.010389
0.010430
0.009551
0.010303
0.010357
0.011988
0.010311
0.010387
0.010437
0.009623
0.010431
0.009492
0.012809
0.011155
0.009458
0.011158
0.010313
0.010278
0.010240
0.010238
0.010219
0.009363
0.010231
0.009368
0.009360
0.010204
0.011877
0.009357
0.011022
0.010214
0.010191
0.011045
0.010207
0.011867
0.009360
0.011074
0.009355
0.009347
0.010184
0.010184
0.011030
0.010180
0.011034
0.010176
0.009345
0.011022
0.011858
0.011000
0.010178
0.011026
0.010201
0.011859
0.010188
0.010181
0.010171
0.010152
0.011001
0.010995
0.011014
0.009336
0.009328
0.010195
0.011012
0.012675
