0.150000
0.155000
0.185000
0.185000
0.185000
0.205000
0.240000
0.260000
0.320000
0.280000
0.305000
0.330000
0.430000
0.445000
0.430000
0.395000
0.425000
0.375000
0.460000
0.510000
0.525000
0.530000
0.540000
0.515000
0.600000
0.565000
0.575000
0.560000
0.510000
0.565000
0.605000
0.650000
0.620000
0.640000
0.615000
0.660000
0.630000
0.570000
0.620000
0.680000
0.670000
0.765000
0.785000
0.715000
0.770000
0.715000
0.725000
0.730000
0.680000
0.745000
0.770000
0.805000
0.790000
0.810000
0.805000
0.820000
0.805000
0.810000
0.845000
0.820000
0.840000
0.815000
0.785000
0.855000
0.810000
0.840000
0.830000
0.855000
0.860000
0.900000
0.870000
0.875000
0.920000
0.920000
0.890000
0.875000
0.930000
0.890000
0.910000
0.920000
0.900000
0.845000
0.905000
0.910000
0.970000
0.915000
0.905000
0.930000
0.890000
0.935000
0.925000
0.900000
0.910000
0.955000
0.845000
0.880000
0.925000
0.900000
0.920000
0.915000
0.920000
0.925000
0.930000
0.915000
0.955000
0.965000
0.975000
0.980000
0.980000
0.970000
0.990000
0.990000
0.995000
0.935000
0.885000
0.845000
0.670000
0.760000
0.780000
0.790000
0.825000
0.810000
0.870000
0.810000
0.900000
0.900000
0.880000
0.925000
0.935000
0.960000
0.955000
0.915000
0.920000
0.955000
0.940000
0.965000
0.955000
0.970000
0.950000
0.950000
0.950000
0.925000
0.950000
0.965000
0.910000
0.910000
0.950000
0.955000
0.975000
0.975000
