0.175000
0.175000
0.155000
0.165000
0.190000
0.210000
0.205000
0.250000
0.320000
0.340000
0.340000
0.315000
0.355000
0.320000
0.350000
0.325000
0.325000
0.340000
0.350000
0.370000
0.380000
0.465000
0.405000
0.455000
0.410000
0.380000
0.450000
0.500000
0.515000
0.545000
0.555000
0.595000
0.535000
0.545000
0.505000
0.455000
0.495000
0.545000
0.590000
0.595000
0.610000
0.590000
0.675000
0.630000
0.665000
0.670000
0.695000
0.750000
0.665000
0.650000
0.730000
0.715000
0.780000
0.730000
0.665000
0.750000
0.735000
0.745000
0.755000
0.735000
0.730000
0.770000
0.835000
0.810000
0.730000
0.745000
0.695000
0.770000
0.845000
0.845000
0.815000
0.855000
0.815000
0.735000
0.815000
0.835000
0.865000
0.890000
0.820000
0.915000
0.890000
0.875000
0.830000
0.950000
0.920000
0.970000
0.955000
0.940000
0.910000
0.945000
0.890000
0.905000
0.900000
0.895000
0.930000
0.835000
0.870000
0.900000
0.860000
0.915000
0.855000
0.950000
0.925000
0.955000
0.965000
0.975000
0.940000
0.975000
0.935000
0.965000
0.960000
0.955000
0.970000
0.975000
0.955000
0.900000
0.950000
0.955000
0.935000
0.970000
0.950000
0.890000
0.920000
0.880000
0.910000
0.860000
0.900000
0.925000
0.955000
0.970000
0.955000
0.965000
0.975000
0.990000
0.995000
0.990000
0.995000
0.990000
0.990000
1.000000
0.985000
0.990000
0.995000
0.995000
0.980000
0.985000
0.985000
0.940000
0.955000
0.990000
