0.160000
0.165000
0.170000
0.180000
0.175000
0.175000
0.180000
0.190000
0.190000
0.210000
0.210000
0.230000
0.235000
0.245000
0.255000
0.270000
0.230000
0.260000
0.250000
0.255000
0.350000
0.340000
0.325000
0.355000
0.355000
0.385000
0.410000
0.390000
0.425000
0.460000
0.385000
0.430000
0.420000
0.400000
0.385000
0.405000
0.450000
0.445000
0.465000
0.435000
0.490000
0.460000
0.465000
0.495000
0.495000
0.495000
0.485000
0.540000
0.545000
0.580000
0.535000
0.570000
0.590000
0.590000
0.555000
0.590000
0.540000
0.585000
0.585000
0.585000
0.575000
0.550000
0.560000
0.555000
0.590000
0.615000
0.675000
0.590000
0.540000
0.530000
0.610000
0.555000
0.610000
0.680000
0.710000
0.730000
0.700000
0.640000
0.670000
0.675000
0.675000
0.695000
0.705000
0.715000
0.740000
0.745000
0.700000
0.760000
0.720000
0.670000
0.740000
0.755000
0.775000
0.805000
0.775000
0.750000
0.865000
0.875000
0.880000
0.895000
0.895000
0.885000
0.910000
0.875000
0.875000
0.785000
0.825000
0.835000
0.805000
0.850000
0.815000
0.785000
0.860000
0.855000
0.880000
0.895000
0.865000
0.860000
0.900000
0.920000
0.945000
0.955000
0.960000
0.900000
0.825000
0.655000
0.595000
0.615000
0.685000
0.735000
0.810000
0.805000
0.855000
0.885000
0.855000
0.840000
0.925000
0.920000
0.940000
0.900000
0.915000
0.935000
0.955000
0.965000
0.960000
0.930000
0.945000
0.945000
0.740000
0.745000
