0.079633
0.063387
0.063067
0.062673
0.062949
0.062753
0.062363
0.062598
0.062757
0.062273
0.061871
0.061886
0.062296
0.061138
0.061136
0.061615
0.061684
0.061385
0.061903
0.061156
0.058727
0.059427
0.059397
0.057278
0.057632
0.057381
0.054614
0.056239
0.054040
0.050133
0.051494
0.055946
0.054414
0.054421
0.055844
0.058690
0.054405
0.050750
0.050149
0.049497
0.048273
0.047419
0.051858
0.051122
0.046540
0.045916
0.047772
0.046419
0.046639
0.043623
0.041021
0.043181
0.042243
0.039304
0.043324
0.043233
0.043433
0.039093
0.042215
0.043020
0.041266
0.039984
0.040409
0.044535
0.040642
0.036137
0.035128
0.040846
0.037732
0.039016
0.036648
0.037113
0.032664
0.030935
0.026722
0.029206
0.032076
0.030394
0.031002
0.028500
0.031724
0.032415
0.027913
0.026656
0.024512
0.022852
0.025115
0.024425
0.030298
0.029591
0.024706
0.019424
0.021094
0.018444
0.021137
0.023875
0.012523
0.013596
0.012331
0.011376
0.012294
0.011572
0.010748
0.011740
0.013834
0.023049
0.016759
0.014902
0.020448
0.013498
0.020787
0.024277
0.012285
0.015447
0.010244
0.011231
0.015362
0.011122
0.009091
0.007394
0.007430
0.004985
0.005389
0.011360
0.025077
0.040269
0.038230
0.036372
0.030366
0.023828
0.020731
0.018946
0.012845
0.010517
0.012605
0.011558
0.008688
0.007092
0.008552
0.009467
0.009903
0.006799
0.005141
0.008006
0.004915
0.005372
0.005209
0.006584
0.041518
0.030550
