0.156403
0.064139
0.062673
0.062634
0.062634
0.062323
0.062362
0.061841
0.063620
0.063536
0.062416
0.062169
0.058979
0.059653
0.059360
0.062253
0.060449
0.059456
0.058915
0.058209
0.057881
0.057293
0.057172
0.054128
0.056703
0.054390
0.054559
0.055371
0.055643
0.054402
0.053134
0.054871
0.053379
0.049872
0.053793
0.052248
0.048095
0.045836
0.045989
0.041732
0.044375
0.050351
0.049983
0.043100
0.046060
0.046873
0.044639
0.054918
0.050656
0.050906
0.053072
0.055868
0.055469
0.056783
0.055440
0.054132
0.050596
0.046187
0.045249
0.044271
0.043053
0.044926
0.043177
0.047462
0.044207
0.041407
0.041038
0.048037
0.045898
0.042877
0.044112
0.041041
0.038395
0.041705
0.042756
0.035926
0.034362
0.038458
0.031839
0.031872
0.034202
0.032655
0.033635
0.027557
0.031245
0.032948
0.028720
0.026542
0.028222
0.020522
0.021375
0.021767
0.025988
0.025216
0.026447
0.029446
0.029056
0.021151
0.022617
0.028675
0.030129
0.022729
0.024141
0.022935
0.019372
0.018988
0.015281
0.016006
0.013949
0.012264
0.016223
0.015030
0.012889
0.021851
0.020619
0.023122
0.022704
0.021676
0.022302
0.023320
0.023298
0.015000
0.014417
0.017007
0.012542
0.012232
0.012084
0.013570
0.016261
0.011993
0.009479
0.006191
0.006012
0.008205
0.010557
0.007882
0.005781
0.007360
0.008887
0.008384
0.007938
0.006769
0.008386
0.004990
0.009048
0.014055
0.010917
0.008828
0.010116
0.004657
