0.126855
0.073692
0.063071
0.062832
0.062830
0.062790
0.062675
0.063887
0.062525
0.063005
0.062983
0.063002
0.062172
0.062178
0.061369
0.061984
0.059932
0.060470
0.060516
0.060306
0.058906
0.059784
0.060015
0.060455
0.059974
0.058711
0.058271
0.058393
0.059045
0.056907
0.055623
0.055886
0.054988
0.055652
0.056371
0.056329
0.053325
0.058706
0.053214
0.047662
0.048238
0.045413
0.041334
0.046522
0.045312
0.052382
0.049829
0.044985
0.043730
0.044095
0.041626
0.044556
0.040578
0.041040
0.035018
0.029808
0.030102
0.027588
0.046514
0.034530
0.036205
0.031267
0.031787
0.029387
0.035248
0.023761
0.022871
0.023250
0.020723
0.021582
0.027335
0.032332
0.026135
0.028488
0.024930
0.033252
0.029718
0.028024
0.030507
0.027979
0.037915
0.028142
0.031577
0.029860
0.031264
0.027300
0.019636
0.016857
0.022285
0.020082
0.016416
0.015445
0.012334
0.012529
0.009182
0.011095
0.010167
0.007145
0.006813
0.011496
0.006954
0.005971
0.005126
0.006239
0.010274
0.015918
0.032393
0.028785
0.016523
0.016509
0.011587
0.015991
0.016859
0.018112
0.017448
0.005890
0.011472
0.032438
0.014929
0.013671
0.012189
0.009377
0.008834
0.007765
0.007006
0.003665
0.002869
0.002146
0.002250
0.001943
0.002282
0.002222
0.002208
0.001374
0.002068
0.005607
0.008707
0.016535
0.010832
0.007662
0.006784
0.007242
0.003530
0.002327
0.002210
0.004330
0.003388
0.001146
0.001901
0.002094
