0.103533
0.063416
0.062949
0.063064
0.061708
0.061859
0.060438
0.060202
0.061014
0.060559
0.060370
0.059875
0.061028
0.059027
0.057708
0.057729
0.057166
0.056810
0.056451
0.056562
0.056517
0.054324
0.057145
0.055096
0.054780
0.055842
0.056520
0.055180
0.056512
0.055081
0.054795
0.057034
0.052712
0.053112
0.052891
0.052076
0.052678
0.053855
0.059120
0.051958
0.052541
0.053913
0.052387
0.052314
0.052156
0.049728
0.047818
0.054096
0.050855
0.046855
0.044018
0.043163
0.042209
0.046672
0.051181
0.046283
0.047831
0.047244
0.044144
0.045571
0.043036
0.041824
0.037249
0.036575
0.037643
0.035721
0.036960
0.041194
0.039854
0.037215
0.032709
0.025976
0.029188
0.030866
0.035063
0.030402
0.025984
0.027732
0.043511
0.029792
0.025619
0.028948
0.022603
0.028699
0.024094
0.024197
0.018544
0.021927
0.020346
0.018337
0.018988
0.014000
0.017608
0.014510
0.012701
0.010969
0.011475
0.009213
0.011220
0.007066
0.008563
0.008804
0.007961
0.005507
0.009645
0.006116
0.005912
0.005369
0.005854
0.006659
0.031196
0.031993
0.021212
0.017843
0.012544
0.012991
0.012019
0.009160
0.010975
0.008527
0.010371
0.008467
0.007172
0.003872
0.005115
0.004486
0.006661
0.012348
0.013344
0.009973
0.011098
0.006599
0.006855
0.004541
0.004010
0.005382
0.004133
0.003400
0.005530
0.002668
0.002629
0.001972
0.002280
0.002445
0.002425
0.002847
0.002184
0.002596
0.003763
0.001563
