0.129153
0.066236
0.063534
0.064147
0.062224
0.060931
0.062800
0.060184
0.059502
0.057500
0.058501
0.058181
0.057560
0.059175
0.057260
0.054983
0.054915
0.055995
0.056241
0.054149
0.051633
0.052144
0.051347
0.049345
0.050294
0.052391
0.049260
0.046897
0.043103
0.043618
0.038642
0.040943
0.041756
0.041456
0.040381
0.047553
0.043601
0.044440
0.035099
0.037693
0.034365
0.033601
0.029555
0.035965
0.030430
0.028581
0.031784
0.024609
0.028699
0.034439
0.023967
0.026834
0.018484
0.028789
0.028997
0.022592
0.026425
0.022015
0.024860
0.028769
0.019615
0.018799
0.015956
0.020403
0.028792
0.020393
0.030775
0.018464
0.016234
0.012973
0.016072
0.015861
0.018404
0.021161
0.018425
0.014203
0.014475
0.011226
0.015538
0.010635
0.010055
0.015196
0.014190
0.006741
0.008205
0.004822
0.004682
0.006210
0.007446
0.006010
0.013874
0.007460
0.010616
0.009682
0.010315
0.016802
0.011513
0.009382
0.008801
0.008994
0.011304
0.004342
0.006373
0.004887
0.003791
0.004550
0.004474
0.003656
0.005835
0.006109
0.003184
0.004783
0.002313
0.002980
0.003533
0.008618
0.004730
0.005512
0.011049
0.004037
0.004322
0.008646
0.006807
0.013378
0.009802
0.011885
0.006907
0.006303
0.004277
0.003314
0.006700
0.003736
0.002743
0.001057
0.000869
0.001473
0.001180
0.001300
0.001046
0.000474
0.001168
0.000799
0.000523
0.001020
0.001940
0.001551
0.002896
0.007415
0.003369
0.001703
