0.130951
0.079910
0.073238
0.064892
0.062528
0.064594
0.062333
0.061292
0.058797
0.061378
0.059080
0.057216
0.055563
0.053595
0.055821
0.057746
0.054653
0.056902
0.048913
0.047535
0.046552
0.042494
0.044989
0.046179
0.035821
0.038727
0.038752
0.052115
0.041991
0.039704
0.032391
0.034968
0.030010
0.029263
0.031162
0.035837
0.037311
0.035387
0.027020
0.029977
0.024451
0.020994
0.018396
0.019833
0.023029
0.021954
0.024257
0.026382
0.023509
0.023311
0.023568
0.016521
0.017618
0.015847
0.016653
0.015862
0.018037
0.016688
0.011697
0.018576
0.016693
0.018392
0.017808
0.017776
0.016020
0.015019
0.015607
0.013379
0.014130
0.008865
0.010920
0.009242
0.010069
0.008781
0.009454
0.016420
0.009238
0.011657
0.008147
0.009401
0.010827
0.012127
0.007534
0.005390
0.005028
0.012472
0.012744
0.006707
0.008762
0.007045
0.012334
0.009723
0.009101
0.007156
0.017526
0.012355
0.009267
0.012258
0.007564
0.006305
0.008671
0.007309
0.005427
0.007710
0.007072
0.002660
0.003634
0.002225
0.002467
0.003012
0.002145
0.001602
0.001167
0.003391
0.021057
0.016397
0.048013
0.029262
0.040526
0.030947
0.017207
0.016921
0.014511
0.015764
0.015557
0.008782
0.012292
0.008658
0.006352
0.004272
0.005185
0.010541
0.005784
0.004773
0.005384
0.002719
0.004916
0.003216
0.004585
0.003271
0.004694
0.005064
0.004334
0.004668
0.008856
0.007626
0.004025
0.004363
0.003683
0.003093
