0.187024
0.091957
0.072762
0.071670
0.071670
0.071670
0.071670
0.071670
0.071670
0.071670
0.071670
0.071670
0.071670
0.071670
0.071670
0.071670
0.071670
0.071670
0.071670
0.071670
0.070839
0.070966
0.072246
0.074618
0.073139
0.072774
0.072439
0.072239
0.070553
0.069640
0.071062
0.071067
0.069361
0.070144
0.070556
0.070694
0.070017
0.069180
0.071152
0.069855
0.069292
0.078208
0.070074
0.071670
0.071670
0.071670
0.071670
0.071670
0.071670
0.071670
0.071670
0.071670
0.071670
0.071670
0.071670
0.071670
0.071670
0.071670
0.071670
0.071670
0.071670
0.071670
0.071670
0.071670
0.071670
0.071670
0.071670
0.071670
0.071670
0.071670
0.071670
0.071670
0.071670
0.071670
0.071670
0.071670
0.071670
0.071670
0.071670
0.071670
0.071670
0.071670
0.071670
0.071670
0.071670
0.071670
0.071670
0.071670
0.071670
0.071203
0.070547
0.070634
0.070608
0.070084
0.069337
0.069507
0.068849
0.069350
0.069318
0.067589
0.068633
0.067407
0.066958
0.069816
0.069312
0.066590
0.066038
0.069144
0.068990
0.065609
0.066637
0.065833
0.068124
0.067503
0.065104
0.072088
0.067120
0.066123
0.067957
0.067989
0.065654
0.066259
0.065666
0.061638
0.065707
0.062941
0.061087
0.068209
0.065256
0.064754
0.061179
0.062657
0.059870
0.064073
0.062225
0.060555
0.061888
0.061027
0.061723
0.061474
0.059616
0.064825
0.060126
0.057207
0.060100
0.055808
0.060417
0.056494
0.068282
0.060108
