0.095052
0.105698
0.083923
0.077423
0.074262
0.072660
0.071680
0.071985
0.071675
0.071950
0.071985
0.072702
0.072860
0.072680
0.072540
0.072449
0.070425
0.070839
0.071670
0.071670
0.071670
0.071670
0.071670
0.069928
0.070371
0.067936
0.069665
0.068921
0.068017
0.064238
0.065353
0.069365
0.065182
0.063151
0.065487
0.063672
0.064255
0.064553
0.061518
0.061343
0.065262
0.064770
0.066500
0.065597
0.062894
0.062662
0.062105
0.062428
0.061961
0.059775
0.060752
0.062664
0.061880
0.059968
0.062297
0.057945
0.057591
0.059307
0.060963
0.062627
0.063636
0.065046
0.060532
0.059203
0.058562
0.059416
0.058764
0.061584
0.060884
0.057963
0.059846
0.058383
0.059216
0.060367
0.056752
0.056870
0.057241
0.051387
0.056394
0.056230
0.055169
0.053963
0.054899
0.060374
0.053067
0.049518
0.050887
0.053415
0.055099
0.053917
0.051259
0.052149
0.049279
0.045978
0.048930
0.049139
0.045516
0.049443
0.047853
0.044447
0.050056
0.047066
0.043042
0.047297
0.043629
0.044979
0.045561
0.042021
0.043970
0.047745
0.042024
0.046498
0.042874
0.042523
0.044686
0.040632
0.049058
0.045771
0.041458
0.039857
0.036895
0.039125
0.038248
0.038929
0.036812
0.036540
0.036577
0.035597
0.034743
0.035157
0.036751
0.035206
0.037029
0.032113
0.033942
0.032238
0.030443
0.030846
0.029862
0.026863
0.027640
0.026954
0.029041
0.026566
0.022985
0.022835
0.022943
0.021567
0.019847
0.024221
