0.108156
0.080187
0.071581
0.070923
0.070626
0.070547
0.070174
0.069106
0.068819
0.068837
0.069552
0.069085
0.066387
0.067544
0.068138
0.065664
0.068657
0.068324
0.066937
0.064811
0.065282
0.067696
0.068475
0.066105
0.063755
0.061450
0.066518
0.064287
0.063139
0.065080
0.064634
0.065996
0.063433
0.064014
0.065079
0.062411
0.061454
0.063876
0.063722
0.063789
0.066396
0.063137
0.061406
0.062194
0.063696
0.063016
0.070544
0.065800
0.067192
0.067476
0.064010
0.064802
0.064208
0.062955
0.064446
0.064938
0.060185
0.064238
0.060122
0.061595
0.062654
0.061327
0.062566
0.063767
0.063428
0.062908
0.058858
0.060359
0.061817
0.067425
0.056089
0.064961
0.061657
0.065618
0.062615
0.060829
0.059515
0.061500
0.053727
0.059990
0.059699
0.059721
0.061303
0.059018
0.057308
0.062463
0.062920
0.059203
0.065785
0.065205
0.062398
0.059701
0.056154
0.060761
0.064364
0.059876
0.062543
0.065559
0.067504
0.060885
0.063498
0.061161
0.056375
0.060004
0.060850
0.053100
0.053623
0.052277
0.054499
0.049581
0.049868
0.046171
0.047518
0.047699
0.047834
0.045291
0.047253
0.047321
0.045638
0.048108
0.046740
0.046390
0.046873
0.046296
0.046695
0.045335
0.043895
0.045653
0.046924
0.048102
0.062811
0.052410
0.052650
0.047872
0.046470
0.036990
0.037717
0.037440
0.046068
0.044967
0.047904
0.044260
0.050979
0.043180
0.041498
0.042930
0.036046
0.037483
0.038242
0.033625
