0.142193
0.076536
0.075417
0.071828
0.071670
0.073502
0.071396
0.070901
0.069384
0.069283
0.069480
0.069073
0.063909
0.064990
0.059653
0.064468
0.063575
0.064476
0.061779
0.062019
0.062115
0.062331
0.060317
0.060422
0.061201
0.060481
0.058005
0.060929
0.056925
0.058557
0.056171
0.059864
0.056843
0.054487
0.060785
0.057429
0.053818
0.055804
0.054335
0.052024
0.056274
0.054942
0.051434
0.052823
0.055619
0.055489
0.051361
0.050473
0.052202
0.051169
0.049061
0.050941
0.050228
0.047894
0.050347
0.048659
0.054414
0.052432
0.053751
0.049366
0.054127
0.046898
0.052458
0.051648
0.049400
0.048379
0.050869
0.049964
0.050009
0.047351
0.047096
0.048245
0.047198
0.047429
0.047606
0.049353
0.048273
0.052668
0.047663
0.055745
0.049597
0.055037
0.058006
0.047116
0.048843
0.048688
0.043328
0.045749
0.050834
0.045526
0.045372
0.050935
0.044304
0.045882
0.047110
0.045816
0.046352
0.044812
0.042845
0.044490
0.043614
0.044671
0.044821
0.043388
0.047374
0.043031
0.042780
0.045022
0.042876
0.044238
0.044262
0.047773
0.040296
0.044002
0.041848
0.042539
0.041182
0.043215
0.041324
0.043202
0.042005
0.046198
0.041125
0.047510
0.042869
0.044727
0.044030
0.044026
0.041125
0.041760
0.043039
0.041771
0.040034
0.040972
0.044905
0.039432
0.041635
0.042080
0.040384
0.043046
0.039686
0.043228
0.039478
0.042019
0.042599
0.039516
0.040393
0.037317
0.041408
0.040086
