0.105729
0.072773
0.070602
0.071017
0.071670
0.071360
0.070839
0.071670
0.072510
0.072143
0.071142
0.070893
0.071670
0.071670
0.070735
0.069108
0.069236
0.072268
0.071154
0.072112
0.069790
0.069545
0.072602
0.071950
0.071360
0.071950
0.070582
0.070996
0.069820
0.071670
0.071670
0.072864
0.071176
0.070936
0.071990
0.070839
0.071958
0.071132
0.072357
0.071854
0.071871
0.070327
0.074405
0.071670
0.071670
0.071670
0.071670
0.071670
0.071670
0.071670
0.071670
0.071670
0.071670
0.071670
0.071670
0.071670
0.069319
0.070009
0.067139
0.068781
0.070735
0.068281
0.067633
0.066753
0.068005
0.065916
0.064961
0.066141
0.063814
0.065979
0.066203
0.065599
0.067255
0.062687
0.064009
0.063479
0.061292
0.061240
0.060423
0.060467
0.057458
0.058195
0.059114
0.057684
0.061389
0.057200
0.060074
0.062025
0.055995
0.059211
0.056545
0.058369
0.057888
0.057605
0.058201
0.054690
0.062009
0.056312
0.055705
0.056557
0.054371
0.056007
0.053595
0.054838
0.052969
0.052457
0.058530
0.055299
0.052563
0.056020
0.055357
0.050993
0.052456
0.052467
0.051656
0.051092
0.051074
0.054321
0.050356
0.068448
0.056649
0.052781
0.054975
0.054272
0.054154
0.062035
0.057858
0.062652
0.060978
0.058078
0.052984
0.059855
0.055705
0.057926
0.054985
0.050796
0.058043
0.052788
0.054979
0.048743
0.050397
0.045783
0.047066
0.048717
0.048754
0.047113
0.047119
0.048877
0.053446
0.046737
