0.089945
0.086122
0.073210
0.070893
0.071950
0.075106
0.071670
0.071670
0.071670
0.071670
0.071670
0.071670
0.071670
0.071670
0.071670
0.071670
0.071670
0.071670
0.071670
0.071670
0.071670
0.071670
0.071670
0.071670
0.071670
0.071670
0.071670
0.071670
0.071670
0.071670
0.071670
0.071670
0.071670
0.071670
0.071670
0.071670
0.071670
0.071670
0.071670
0.071670
0.071670
0.071670
0.071670
0.071670
0.071670
0.071670
0.071670
0.071670
0.071670
0.071670
0.071670
0.071670
0.071670
0.071670
0.071670
0.071670
0.071670
0.071670
0.071670
0.071670
0.071670
0.071670
0.071670
0.071670
0.071670
0.071670
0.071670
0.071670
0.071670
0.071670
0.071670
0.071670
0.071670
0.071670
0.071670
0.071670
0.071670
0.071920
0.071828
0.074416
0.073271
0.071670
0.071670
0.070839
0.071360
0.071640
0.069982
0.069908
0.070061
0.070844
0.070839
0.071203
0.070582
0.070329
0.069641
0.069327
0.070237
0.070735
0.070268
0.069322
0.069077
0.069843
0.068180
0.065485
0.067213
0.067797
0.068610
0.066720
0.068497
0.068408
0.069975
0.069829
0.070315
0.070909
0.070590
0.069790
0.070184
0.068801
0.069032
0.070431
0.069906
0.069889
0.071119
0.069204
0.067698
0.069194
0.068390
0.068252
0.068567
0.068035
0.066377
0.067865
0.066950
0.066958
0.067821
0.068001
0.068633
0.067552
0.072892
0.067829
0.067521
0.066612
0.065815
0.065462
0.067010
0.067978
0.064796
0.067552
0.067144
0.068843
