0.170327
0.113275
0.070975
0.071203
0.071670
0.069303
0.070466
0.070651
0.069828
0.070376
0.068511
0.069938
0.068487
0.071165
0.067433
0.070371
0.070254
0.067935
0.071415
0.067885
0.068487
0.068923
0.067272
0.068124
0.067373
0.068330
0.066953
0.065839
0.065976
0.065519
0.065871
0.063647
0.062632
0.063713
0.064373
0.065574
0.063295
0.063375
0.060666
0.062219
0.061624
0.062892
0.062711
0.058977
0.063916
0.061743
0.061263
0.060399
0.061557
0.062376
0.060007
0.061911
0.059775
0.057958
0.059620
0.062248
0.061952
0.059239
0.059101
0.062028
0.061212
0.061239
0.061155
0.060740
0.060365
0.061466
0.062876
0.062908
0.060538
0.059983
0.059512
0.060573
0.060216
0.057954
0.061905
0.060221
0.059310
0.059685
0.059956
0.076828
0.060924
0.062826
0.061289
0.062113
0.065947
0.066850
0.065634
0.063174
0.062089
0.070248
0.059215
0.062304
0.062195
0.059484
0.059467
0.062496
0.060317
0.061562
0.061496
0.060342
0.060131
0.059731
0.060115
0.058434
0.061091
0.061029
0.057607
0.059323
0.060259
0.060176
0.060168
0.059277
0.060982
0.058375
0.061854
0.061845
0.060108
0.060112
0.059244
0.060990
0.060124
0.060105
0.060112
0.061253
0.059257
0.058548
0.058490
0.060141
0.059263
0.060110
0.060507
0.059122
0.056985
0.050457
0.062945
0.052750
0.050642
0.052349
0.052695
0.048268
0.049394
0.045543
0.046813
0.049975
0.046586
0.048047
0.047223
0.043074
0.045237
0.045792
