0.160142
0.149108
0.113923
0.085545
0.081267
0.069881
0.070334
0.067396
0.068235
0.068206
0.070654
0.066066
0.063915
0.062376
0.061562
0.061866
0.062242
0.058885
0.059142
0.055891
0.055110
0.058508
0.058036
0.054146
0.056348
0.053610
0.046698
0.050461
0.049251
0.047996
0.043943
0.049779
0.046964
0.046305
0.047532
0.045039
0.043122
0.047976
0.045397
0.043275
0.045447
0.043841
0.041646
0.041808
0.041892
0.040186
0.041171
0.042081
0.042570
0.037344
0.036758
0.039732
0.036154
0.035673
0.035390
0.035595
0.032714
0.036836
0.039771
0.038021
0.037146
0.031655
0.034367
0.034157
0.037490
0.035388
0.031354
0.035406
0.032190
0.030315
0.033872
0.031392
0.027558
0.029490
0.026401
0.026118
0.029991
0.030794
0.024695
0.023510
0.023817
0.020726
0.017525
0.019652
0.019812
0.020604
0.015388
0.018245
0.016606
0.013713
0.012874
0.012050
0.009208
0.006102
0.006354
0.007281
0.005275
0.003409
0.005426
0.004329
0.005615
0.003737
0.006661
0.003629
0.002917
0.002749
0.001861
0.001236
0.001814
0.001492
0.002508
0.001042
0.001522
0.002013
0.002140
0.001985
0.001154
0.001276
0.000675
0.000955
0.001027
0.000857
0.000720
0.001007
0.000506
0.000415
0.000341
0.000337
0.000771
0.000244
0.002539
0.001182
0.000846
0.001187
0.001787
0.000518
0.002901
0.000761
0.000813
0.001090
0.001336
0.000624
0.002284
0.000970
0.000639
0.001860
0.000241
0.000614
0.000547
0.001213
