0.079922
0.070283
0.067813
0.066794
0.066872
0.067321
0.067847
0.066525
0.066884
0.063435
0.063608
0.061942
0.059606
0.065344
0.063161
0.059651
0.059040
0.057959
0.059154
0.053697
0.056191
0.056322
0.055383
0.053445
0.054037
0.054479
0.053199
0.055581
0.051195
0.053687
0.053264
0.050901
0.052650
0.053280
0.050136
0.051442
0.052197
0.050869
0.050827
0.050436
0.052463
0.049929
0.049428
0.048890
0.049220
0.049326
0.050559
0.050212
0.050144
0.049167
0.050843
0.046865
0.046625
0.044078
0.041953
0.044564
0.044887
0.043295
0.045307
0.042691
0.041451
0.039512
0.042866
0.041000
0.037904
0.038985
0.038942
0.040276
0.037224
0.042004
0.039283
0.038956
0.037518
0.037044
0.038283
0.037545
0.038097
0.035828
0.037585
0.034650
0.035577
0.035907
0.031775
0.038183
0.036536
0.032329
0.034993
0.032240
0.029613
0.025775
0.026664
0.028174
0.027136
0.030756
0.028078
0.026666
0.028493
0.025900
0.026926
0.025149
0.024307
0.028100
0.025658
0.026983
0.026554
0.024368
0.022227
0.026261
0.026457
0.024706
0.021445
0.025648
0.022285
0.022990
0.022754
0.024663
0.021764
0.023422
0.027363
0.021394
0.025245
0.019666
0.023208
0.021789
0.022810
0.021433
0.020005
0.019281
0.020965
0.021306
0.015881
0.018781
0.020324
0.019179
0.019189
0.016193
0.014098
0.015424
0.014702
0.016754
0.014274
0.015769
0.013284
0.015975
0.013742
0.015819
0.014112
0.011072
0.010387
0.012066
