0.135605
0.093308
0.073692
0.073057
0.073344
0.073453
0.072541
0.070498
0.071828
0.071828
0.071985
0.072667
0.072151
0.070752
0.071386
0.068958
0.069497
0.069278
0.071055
0.071360
0.070184
0.069825
0.070280
0.069519
0.070196
0.069085
0.069882
0.068460
0.068180
0.068197
0.068514
0.067494
0.069090
0.069598
0.068379
0.067633
0.068967
0.069059
0.066913
0.066030
0.063504
0.067804
0.067959
0.068333
0.068823
0.064602
0.064886
0.065245
0.064966
0.066450
0.061072
0.061862
0.059771
0.060264
0.057122
0.062265
0.060194
0.057846
0.060768
0.056456
0.055599
0.055740
0.056601
0.055888
0.057309
0.057334
0.057912
0.053703
0.056331
0.057063
0.055334
0.054914
0.054589
0.055745
0.053046
0.054757
0.050913
0.050072
0.051030
0.049542
0.051142
0.050849
0.049525
0.046659
0.044441
0.048073
0.048397
0.046601
0.048324
0.046855
0.045303
0.043022
0.049107
0.047522
0.046305
0.045156
0.045601
0.043287
0.044219
0.044477
0.045255
0.043964
0.042302
0.047563
0.044453
0.040308
0.042129
0.038057
0.040600
0.037447
0.037373
0.036288
0.038416
0.036273
0.034713
0.051305
0.062423
0.061057
0.065118
0.056095
0.060983
0.058552
0.055220
0.056067
0.056728
0.056384
0.053903
0.050790
0.049427
0.050323
0.047031
0.048840
0.044712
0.046601
0.047196
0.044660
0.045149
0.045419
0.047440
0.045389
0.043101
0.043155
0.040954
0.038312
0.036976
0.034387
0.039021
0.040144
0.038417
0.036699
