0.101356
0.074953
0.069776
0.070875
0.070488
0.067316
0.065345
0.066638
0.061721
0.064191
0.062797
0.063015
0.061892
0.064191
0.062871
0.061487
0.062037
0.061438
0.062594
0.060533
0.062416
0.059534
0.062019
0.060373
0.059555
0.059748
0.057763
0.058952
0.059338
0.059982
0.057842
0.060447
0.059573
0.057643
0.054132
0.055199
0.052597
0.058287
0.052587
0.053509
0.055975
0.051754
0.052952
0.052649
0.049273
0.052668
0.051036
0.050251
0.052425
0.048748
0.050517
0.049589
0.049881
0.047891
0.049500
0.050276
0.051615
0.051617
0.051405
0.049065
0.050720
0.048613
0.048602
0.048531
0.048814
0.049735
0.047654
0.050219
0.051007
0.047129
0.050271
0.046759
0.045807
0.047274
0.046251
0.044978
0.046133
0.045883
0.041912
0.045623
0.047584
0.045526
0.048398
0.047589
0.043239
0.044862
0.046127
0.047314
0.043880
0.046094
0.042835
0.041266
0.043686
0.044266
0.040876
0.042040
0.042867
0.041329
0.042290
0.039854
0.037936
0.039674
0.038511
0.042542
0.046032
0.045913
0.037904
0.043605
0.043597
0.041350
0.040159
0.042038
0.039729
0.039281
0.042949
0.040056
0.038352
0.041521
0.039448
0.037495
0.038179
0.038584
0.036748
0.036396
0.037393
0.036023
0.037366
0.038162
0.039836
0.047202
0.049990
0.051655
0.046219
0.044598
0.048285
0.046625
0.046175
0.042100
0.046166
0.043702
0.044012
0.044182
0.041839
0.045100
0.045496
0.046985
0.041232
0.040755
0.041058
0.038337
