0.224138
0.107583
0.074055
0.071832
0.073842
0.075155
0.080636
0.078785
0.070316
0.069509
0.070803
0.068870
0.068414
0.071914
0.067537
0.069758
0.066822
0.061121
0.063947
0.062893
0.058269
0.056812
0.054152
0.053156
0.054114
0.051411
0.051736
0.053273
0.048853
0.045944
0.045964
0.047868
0.042780
0.043114
0.046142
0.044061
0.043752
0.040646
0.039431
0.040390
0.040233
0.041610
0.040215
0.039510
0.042222
0.035252
0.040322
0.038108
0.038282
0.039082
0.035706
0.037762
0.038608
0.036800
0.036786
0.037022
0.038957
0.037693
0.037467
0.035921
0.030903
0.032087
0.032299
0.033500
0.035832
0.034493
0.034650
0.035427
0.033056
0.031970
0.032315
0.033706
0.027938
0.028865
0.031742
0.030456
0.030276
0.029726
0.029820
0.030270
0.032670
0.032601
0.031984
0.027981
0.030111
0.029181
0.028174
0.028550
0.029795
0.028973
0.031408
0.029641
0.029862
0.029063
0.030499
0.030541
0.026098
0.029933
0.031968
0.031679
0.028786
0.028694
0.030283
0.029890
0.029974
0.027677
0.029646
0.030472
0.030934
0.032151
0.028477
0.027455
0.025417
0.027258
0.025726
0.026251
0.024070
0.025402
0.025313
0.024932
0.027488
0.028386
0.024032
0.024984
0.022200
0.024737
0.026222
0.024739
0.023771
0.021566
0.021227
0.022440
0.021576
0.020655
0.023802
0.020936
0.022264
0.021514
0.019775
0.016219
0.018513
0.020306
0.016479
0.019983
0.020067
0.019212
0.017834
0.015016
0.017689
0.017076
