0.150000
0.150000
0.215000
0.175000
0.170000
0.185000
0.190000
0.170000
0.185000
0.220000
0.260000
0.335000
0.310000
0.270000
0.320000
0.320000
0.335000
0.345000
0.330000
0.350000
0.330000
0.390000
0.420000
0.375000
0.420000
0.395000
0.390000
0.405000
0.440000
0.495000
0.525000
0.500000
0.485000
0.505000
0.550000
0.530000
0.570000
0.530000
0.615000
0.625000
0.615000
0.580000
0.630000
0.555000
0.585000
0.595000
0.540000
0.590000
0.610000
0.590000
0.620000
0.630000
0.630000
0.600000
0.625000
0.635000
0.685000
0.630000
0.695000
0.725000
0.765000
0.675000
0.655000
0.700000
0.725000
0.710000
0.755000
0.710000
0.745000
0.790000
0.760000
0.785000
0.800000
0.720000
0.790000
0.775000
0.800000
0.795000
0.770000
0.800000
0.805000
0.750000
0.725000
0.755000
0.790000
0.795000
0.800000
0.735000
0.815000
0.790000
0.805000
0.860000
0.835000
0.840000
0.825000
0.810000
0.850000
0.815000
0.885000
0.870000
0.845000
0.835000
0.875000
0.860000
0.860000
0.910000
0.915000
0.890000
0.895000
0.870000
0.930000
0.935000
0.930000
0.920000
0.860000
0.905000
0.820000
0.900000
0.890000
0.905000
0.910000
0.895000
0.935000
0.910000
0.945000
0.925000
0.885000
0.940000
0.900000
0.925000
0.930000
0.945000
0.935000
0.930000
0.980000
0.945000
0.960000
0.975000
0.965000
0.950000
0.940000
0.905000
0.940000
0.920000
0.985000
0.990000
0.950000
0.950000
0.945000
0.950000
