0.165000
0.155000
0.155000
0.155000
0.155000
0.155000
0.155000
0.155000
0.155000
0.155000
0.165000
0.160000
0.165000
0.170000
0.170000
0.210000
0.225000
0.205000
0.240000
0.290000
0.275000
0.310000
0.295000
0.320000
0.355000
0.360000
0.350000
0.315000
0.340000
0.325000
0.385000
0.345000
0.365000
0.340000
0.385000
0.390000
0.410000
0.425000
0.375000
0.460000
0.520000
0.505000
0.555000
0.495000
0.485000
0.510000
0.570000
0.555000
0.495000
0.495000
0.510000
0.525000
0.515000
0.540000
0.545000
0.620000
0.535000
0.560000
0.555000
0.500000
0.495000
0.480000
0.505000
0.545000
0.545000
0.585000
0.595000
0.600000
0.605000
0.635000
0.620000
0.630000
0.680000
0.705000
0.675000
0.715000
0.675000
0.720000
0.690000
0.695000
0.685000
0.720000
0.710000
0.690000
0.735000
0.710000
0.760000
0.715000
0.805000
0.780000
0.780000
0.790000
0.760000
0.790000
0.810000
0.815000
0.830000
0.830000
0.825000
0.855000
0.855000
0.800000
0.820000
0.875000
0.830000
0.780000
0.760000
0.805000
0.830000
0.800000
0.850000
0.870000
0.880000
0.760000
0.840000
0.865000
0.860000
0.795000
0.810000
0.840000
0.885000
0.870000
0.895000
0.880000
0.900000
0.845000
0.885000
0.845000
0.865000
0.885000
0.905000
0.905000
0.910000
0.875000
0.880000
0.900000
0.900000
0.860000
0.940000
0.935000
0.905000
0.940000
0.955000
0.940000
0.935000
0.930000
0.890000
0.935000
0.940000
0.970000
