0.165000
0.180000
0.180000
0.170000
0.165000
0.175000
0.175000
0.250000
0.260000
0.290000
0.240000
0.230000
0.230000
0.240000
0.240000
0.295000
0.330000
0.305000
0.305000
0.305000
0.250000
0.245000
0.270000
0.245000
0.270000
0.310000
0.345000
0.375000
0.330000
0.370000
0.325000
0.350000
0.395000
0.410000
0.420000
0.425000
0.405000
0.420000
0.380000
0.415000
0.415000
0.440000
0.420000
0.430000
0.470000
0.480000
0.480000
0.450000
0.475000
0.470000
0.455000
0.445000
0.510000
0.485000
0.445000
0.470000
0.490000
0.545000
0.525000
0.490000
0.470000
0.500000
0.510000
0.520000
0.495000
0.545000
0.570000
0.565000
0.610000
0.515000
0.555000
0.545000
0.580000
0.580000
0.555000
0.560000
0.655000
0.610000
0.660000
0.695000
0.725000
0.695000
0.685000
0.690000
0.720000
0.695000
0.780000
0.775000
0.655000
0.715000
0.765000
0.720000
0.720000
0.690000
0.790000
0.790000
0.830000
0.805000
0.835000
0.860000
0.880000
0.860000
0.770000
0.775000
0.850000
0.860000
0.850000
0.770000
0.895000
0.865000
0.890000
0.870000
0.830000
0.890000
0.830000
0.870000
0.860000
0.900000
0.865000
0.895000
0.890000
0.905000
0.955000
0.900000
0.900000
0.940000
0.830000
0.915000
0.915000
0.885000
0.875000
0.875000
0.755000
0.840000
0.840000
0.825000
0.895000
0.885000
0.935000
0.920000
0.905000
0.935000
0.900000
0.885000
0.880000
0.900000
0.920000
0.955000
0.930000
0.940000
