0.145485
0.065568
0.063190
0.062880
0.062608
0.062713
0.062229
0.061059
0.060288
0.059784
0.059152
0.057667
0.057968
0.058435
0.057334
0.057592
0.056274
0.055294
0.054517
0.054654
0.056976
0.053751
0.052156
0.054122
0.054883
0.055678
0.056507
0.052240
0.051595
0.056319
0.051918
0.051220
0.051032
0.054835
0.048623
0.048891
0.050177
0.045807
0.045357
0.047351
0.046859
0.051169
0.051703
0.049537
0.043727
0.045975
0.041905
0.040212
0.039103
0.037838
0.035031
0.044157
0.035239
0.031634
0.038787
0.034817
0.032664
0.033965
0.031320
0.032272
0.033666
0.030175
0.030196
0.027021
0.028944
0.025557
0.023860
0.024186
0.022238
0.024346
0.025879
0.024865
0.021312
0.025828
0.022725
0.021303
0.020375
0.020895
0.017310
0.017343
0.021025
0.023517
0.021349
0.018986
0.020429
0.021508
0.019532
0.018477
0.021122
0.015652
0.015047
0.017323
0.018440
0.018458
0.014757
0.013852
0.011015
0.013250
0.012134
0.011062
0.013120
0.013586
0.012432
0.015249
0.015720
0.012288
0.012345
0.012188
0.011168
0.010527
0.010395
0.009222
0.008778
0.008769
0.008929
0.007469
0.008685
0.009942
0.010963
0.010455
0.012091
0.010483
0.006776
0.009622
0.009610
0.008971
0.010360
0.008704
0.009960
0.008565
0.006378
0.006186
0.009664
0.006069
0.005637
0.005581
0.005573
0.006677
0.006285
0.004522
0.006433
0.006036
0.005586
0.003531
0.004485
0.004363
0.003846
0.004576
0.003031
0.004015
