0.127824
0.080803
0.064592
0.062793
0.062908
0.061294
0.062502
0.061523
0.061096
0.060328
0.060019
0.057385
0.058201
0.058669
0.056864
0.057673
0.057063
0.056282
0.056600
0.057039
0.055435
0.054169
0.055969
0.054908
0.053227
0.054537
0.055985
0.054705
0.050635
0.050791
0.046199
0.050156
0.047440
0.047639
0.046954
0.044893
0.040693
0.045005
0.036339
0.036617
0.034378
0.037305
0.038509
0.035044
0.039304
0.037092
0.043553
0.037747
0.036876
0.036676
0.033260
0.036432
0.030602
0.029854
0.032541
0.034036
0.029471
0.029252
0.026243
0.025500
0.025078
0.026474
0.028795
0.023619
0.026903
0.025060
0.023930
0.023217
0.022604
0.020043
0.018959
0.020204
0.016728
0.025239
0.024108
0.018797
0.020204
0.021893
0.024028
0.017531
0.017983
0.021420
0.028803
0.021515
0.018335
0.017578
0.021762
0.022898
0.016422
0.015860
0.016096
0.014028
0.013882
0.013587
0.018071
0.017117
0.013734
0.013092
0.012423
0.010863
0.011960
0.012657
0.012537
0.014926
0.009647
0.009147
0.007721
0.009763
0.009993
0.011502
0.007457
0.006680
0.006861
0.010272
0.014422
0.011909
0.014947
0.011970
0.008545
0.007895
0.009369
0.009467
0.007814
0.007733
0.005113
0.008220
0.006731
0.006351
0.009012
0.005745
0.006715
0.006540
0.007084
0.005098
0.002865
0.005408
0.003420
0.002227
0.003962
0.005430
0.006736
0.008353
0.006833
0.005044
0.002448
0.003163
0.004250
0.004354
0.004806
0.004398
