0.135172
0.083572
0.064673
0.062756
0.062914
0.062855
0.062909
0.062832
0.062864
0.063022
0.063539
0.062896
0.061398
0.061327
0.059638
0.059238
0.059696
0.059613
0.057250
0.058021
0.056157
0.057450
0.056705
0.057397
0.055784
0.055181
0.057031
0.052624
0.053468
0.053541
0.052535
0.054120
0.055521
0.054144
0.053360
0.051343
0.053933
0.052483
0.050238
0.053346
0.053166
0.051015
0.051751
0.048042
0.045270
0.046108
0.045200
0.043913
0.042528
0.042616
0.042687
0.042900
0.037820
0.034385
0.040570
0.043443
0.043919
0.038501
0.044853
0.038263
0.041597
0.042635
0.044061
0.035330
0.031895
0.030457
0.027143
0.027103
0.024602
0.024031
0.026673
0.026803
0.024958
0.022651
0.022590
0.028545
0.030644
0.021723
0.021485
0.021381
0.022249
0.021303
0.019784
0.021253
0.018889
0.014816
0.016424
0.016678
0.021229
0.021097
0.024850
0.026248
0.025364
0.026181
0.017048
0.020017
0.021721
0.016951
0.016963
0.014642
0.014452
0.012250
0.011935
0.010360
0.009744
0.010001
0.009144
0.009176
0.014008
0.009575
0.014878
0.012319
0.011041
0.010905
0.006973
0.008096
0.006447
0.006955
0.005416
0.006191
0.005971
0.006406
0.012767
0.016105
0.013577
0.008660
0.017929
0.019256
0.024966
0.023522
0.015990
0.014360
0.008618
0.009283
0.010466
0.015145
0.022941
0.019131
0.019257
0.012119
0.012042
0.014167
0.028966
0.019815
0.011494
0.010404
0.009803
0.007703
0.008867
0.007686
