0.108529
0.062558
0.062952
0.062595
0.062751
0.062793
0.062556
0.060568
0.060236
0.060924
0.060195
0.059691
0.060458
0.059480
0.059416
0.058094
0.058066
0.057334
0.056918
0.058465
0.058299
0.059582
0.058466
0.058866
0.057969
0.056504
0.055819
0.054480
0.054648
0.056676
0.056678
0.055025
0.053231
0.055235
0.053355
0.053279
0.053110
0.052261
0.054166
0.049881
0.052702
0.050333
0.051928
0.050416
0.049305
0.047950
0.050286
0.049842
0.051079
0.045327
0.053866
0.049923
0.044336
0.044257
0.048604
0.043950
0.045407
0.040611
0.044267
0.042743
0.043775
0.045863
0.042903
0.044000
0.044288
0.039268
0.039144
0.036468
0.036170
0.039041
0.035641
0.041670
0.036894
0.037269
0.037805
0.040029
0.036633
0.037306
0.032591
0.027350
0.026194
0.027555
0.025733
0.027558
0.024881
0.028784
0.021730
0.027573
0.030458
0.026980
0.022793
0.027999
0.029355
0.026040
0.019182
0.019666
0.016014
0.018165
0.017056
0.012937
0.011775
0.018183
0.022046
0.020342
0.016212
0.012149
0.014994
0.020612
0.011542
0.011935
0.012054
0.015650
0.021386
0.011091
0.014974
0.013113
0.012036
0.011925
0.011754
0.008852
0.009640
0.009925
0.007117
0.008634
0.008199
0.014010
0.014062
0.010597
0.008859
0.009952
0.017105
0.013906
0.021285
0.015573
0.016841
0.013438
0.014311
0.010706
0.008159
0.010392
0.009250
0.008128
0.014704
0.012798
0.009731
0.012202
0.007627
0.006043
0.006099
0.006210
