0.170705
0.064274
0.063105
0.062987
0.062790
0.064912
0.062712
0.062712
0.062712
0.062712
0.062712
0.062793
0.063477
0.062751
0.062712
0.062712
0.062712
0.062712
0.062595
0.061297
0.060257
0.059817
0.059990
0.058672
0.057449
0.056358
0.056599
0.056771
0.055702
0.055695
0.057192
0.056235
0.055452
0.057293
0.057045
0.057752
0.058047
0.055635
0.057255
0.054046
0.055724
0.052682
0.055062
0.053786
0.056825
0.054513
0.053188
0.053499
0.051122
0.051882
0.055585
0.054330
0.051097
0.050915
0.058708
0.054932
0.054748
0.056468
0.055905
0.055781
0.055511
0.053996
0.055018
0.053959
0.052322
0.052747
0.057379
0.052626
0.052960
0.048081
0.049128
0.046671
0.049787
0.047085
0.048809
0.048475
0.046964
0.047390
0.048148
0.046305
0.045351
0.044706
0.046734
0.044387
0.043110
0.041118
0.034704
0.038316
0.034948
0.037597
0.033430
0.032421
0.024718
0.036690
0.044859
0.038220
0.037287
0.027371
0.030594
0.033601
0.025476
0.027239
0.029673
0.024141
0.022767
0.022019
0.019921
0.022005
0.020789
0.020778
0.021970
0.021363
0.024273
0.028716
0.022088
0.023323
0.019752
0.016493
0.016161
0.017675
0.018590
0.023004
0.017093
0.019851
0.017768
0.017409
0.015052
0.017633
0.018401
0.017494
0.018795
0.021802
0.018757
0.020660
0.015742
0.014382
0.014955
0.012275
0.011227
0.011843
0.011481
0.008373
0.009295
0.011399
0.017440
0.024266
0.015472
0.014928
0.017165
0.014317
