0.095014
0.062869
0.062751
0.062751
0.062751
0.062712
0.062712
0.062712
0.062712
0.062712
0.062478
0.062634
0.062517
0.062440
0.062558
0.062318
0.061136
0.061340
0.059546
0.063842
0.059637
0.059137
0.059582
0.058991
0.057248
0.056594
0.057195
0.057163
0.057120
0.057357
0.054059
0.054895
0.054017
0.056478
0.050641
0.051391
0.053588
0.052019
0.050777
0.047992
0.044780
0.045532
0.043178
0.044216
0.045510
0.044401
0.042330
0.039538
0.045122
0.045736
0.045722
0.042885
0.041678
0.039727
0.039990
0.040589
0.042476
0.041267
0.043883
0.047720
0.044912
0.042338
0.042728
0.041363
0.040062
0.037052
0.033629
0.034927
0.034514
0.033501
0.036068
0.033760
0.030337
0.030590
0.027313
0.027938
0.029215
0.027614
0.027428
0.029103
0.030128
0.027806
0.027178
0.028983
0.026116
0.025953
0.024946
0.023409
0.022927
0.022062
0.024653
0.021143
0.026541
0.019388
0.020989
0.017652
0.018505
0.017641
0.017549
0.017282
0.014841
0.018924
0.019946
0.018524
0.019795
0.020626
0.024330
0.021609
0.021468
0.018970
0.016222
0.013811
0.012383
0.021095
0.016724
0.016200
0.018087
0.020035
0.019745
0.015964
0.010947
0.015360
0.010698
0.011053
0.011312
0.013936
0.013211
0.013737
0.010891
0.010709
0.010153
0.008817
0.009176
0.014135
0.011527
0.008758
0.010795
0.012632
0.007114
0.008749
0.007855
0.007726
0.006710
0.005310
0.006567
0.007692
0.010563
0.007340
0.005274
0.005883
