0.170000
0.175000
0.175000
0.175000
0.175000
0.175000
0.175000
0.215000
0.280000
0.290000
0.305000
0.315000
0.330000
0.320000
0.330000
0.330000
0.330000
0.330000
0.330000
0.330000
0.330000
0.330000
0.330000
0.340000
0.340000
0.340000
0.340000
0.340000
0.340000
0.330000
0.330000
0.340000
0.340000
0.335000
0.345000
0.305000
0.315000
0.330000
0.345000
0.345000
0.345000
0.345000
0.350000
0.365000
0.365000
0.310000
0.300000
0.275000
0.325000
0.320000
0.330000
0.320000
0.335000
0.335000
0.345000
0.345000
0.345000
0.345000
0.345000
0.345000
0.345000
0.345000
0.345000
0.345000
0.345000
0.345000
0.345000
0.345000
0.345000
0.345000
0.345000
0.345000
0.345000
0.345000
0.345000
0.345000
0.345000
0.345000
0.345000
0.345000
0.345000
0.345000
0.345000
0.345000
0.345000
0.345000
0.345000
0.345000
0.345000
0.345000
0.345000
0.345000
0.345000
0.345000
0.345000
0.345000
0.345000
0.345000
0.345000
0.345000
0.345000
0.345000
0.345000
0.345000
0.345000
0.345000
0.345000
0.345000
0.345000
0.345000
0.345000
0.345000
0.345000
0.345000
0.345000
0.345000
0.345000
0.345000
0.345000
0.345000
0.345000
0.345000
0.345000
0.345000
0.345000
0.345000
0.345000
0.345000
0.345000
0.345000
0.345000
0.345000
0.345000
0.345000
0.345000
0.345000
0.345000
0.345000
0.345000
0.345000
0.345000
0.345000
0.345000
0.345000
0.345000
0.345000
0.345000
0.345000
0.345000
0.345000
