0.160000
0.145000
0.295000
0.260000
0.285000
0.290000
0.290000
0.295000
0.310000
0.310000
0.305000
0.310000
0.310000
0.315000
0.310000
0.315000
0.310000
0.315000
0.315000
0.315000
0.315000
0.315000
0.315000
0.320000
0.315000
0.315000
0.325000
0.315000
0.325000
0.320000
0.325000
0.325000
0.325000
0.325000
0.325000
0.330000
0.335000
0.335000
0.335000
0.335000
0.335000
0.335000
0.335000
0.335000
0.335000
0.335000
0.335000
0.335000
0.370000
0.350000
0.340000
0.350000
0.365000
0.415000
0.380000
0.375000
0.405000
0.410000
0.430000
0.445000
0.455000
0.505000
0.500000
0.375000
0.360000
0.370000
0.375000
0.395000
0.440000
0.450000
0.435000
0.450000
0.425000
0.400000
0.425000
0.430000
0.475000
0.495000
0.545000
0.550000
0.570000
0.595000
0.615000
0.605000
0.600000
0.580000
0.640000
0.645000
0.650000
0.665000
0.680000
0.685000
0.690000
0.690000
0.715000
0.705000
0.735000
0.735000
0.740000
0.755000
0.725000
0.690000
0.670000
0.680000
0.690000
0.710000
0.760000
0.735000
0.735000
0.755000
0.750000
0.775000
0.825000
0.825000
0.825000
0.830000
0.835000
0.835000
0.835000
0.835000
0.835000
0.835000
0.835000
0.835000
0.835000
0.835000
0.835000
0.835000
0.835000
0.835000
0.835000
0.835000
0.835000
0.835000
0.835000
0.835000
0.835000
0.835000
0.835000
0.835000
0.835000
0.835000
0.835000
0.835000
0.860000
0.930000
0.975000
0.945000
0.950000
0.965000
