0.370501
0.169051
0.062712
0.062712
0.062712
0.062712
0.062712
0.062712
0.062712
0.062634
0.062940
0.062712
0.062712
0.062712
0.062712
0.062712
0.062712
0.062712
0.062712
0.062712
0.062712
0.062712
0.062712
0.062712
0.062712
0.062712
0.062712
0.062712
0.062712
0.062712
0.062712
0.062361
0.062361
0.062400
0.062400
0.062283
0.062283
0.062283
0.062166
0.061072
0.061656
0.060761
0.061113
0.060391
0.060756
0.060288
0.059744
0.060363
0.059934
0.060075
0.060159
0.062361
0.062595
0.062478
0.062050
0.061974
0.061662
0.061386
0.060335
0.060520
0.060017
0.059608
0.059887
0.059222
0.057560
0.059102
0.058269
0.059293
0.058552
0.058937
0.058111
0.057586
0.057834
0.058016
0.058070
0.058029
0.057958
0.057899
0.056993
0.056311
0.057222
0.058783
0.055865
0.055414
0.056920
0.056935
0.055601
0.056334
0.055739
0.056267
0.055318
0.053350
0.054237
0.055724
0.054924
0.054959
0.056207
0.056617
0.054185
0.054647
0.053114
0.055201
0.054346
0.051684
0.054828
0.054506
0.051984
0.054772
0.055507
0.060187
0.061152
0.058702
0.058150
0.057182
0.055278
0.056256
0.054619
0.053453
0.054429
0.053793
0.054143
0.053410
0.053631
0.054701
0.055179
0.054202
0.053915
0.052448
0.053738
0.053079
0.052789
0.052872
0.051714
0.053540
0.054110
0.053097
0.053486
0.052394
0.054032
0.052698
0.054129
0.052889
0.054078
0.053435
0.053358
0.053272
0.052918
0.052157
0.053809
0.051206
