0.288441
0.062712
0.062712
0.062712
0.062712
0.062712
0.062751
0.061722
0.059529
0.056747
0.057542
0.055589
0.054878
0.054800
0.056629
0.054462
0.055408
0.054672
0.055126
0.053562
0.053523
0.054775
0.054312
0.053018
0.055197
0.053983
0.053103
0.053098
0.055121
0.055684
0.054230
0.053953
0.053504
0.056059
0.063143
0.056222
0.055693
0.054851
0.053257
0.055486
0.053360
0.051387
0.052829
0.051176
0.050395
0.058490
0.057196
0.057130
0.055696
0.055394
0.056053
0.055722
0.054497
0.053762
0.054472
0.054420
0.053581
0.053541
0.053520
0.051938
0.053415
0.051798
0.053309
0.053330
0.053318
0.050814
0.052449
0.051636
0.051630
0.053261
0.050846
0.053243
0.052453
0.050733
0.053238
0.051585
0.051559
0.051559
0.052421
0.051556
0.050745
0.051537
0.053235
0.050747
0.050712
0.052387
0.050751
0.050704
0.052402
0.053234
0.049864
0.052385
0.051546
0.050705
0.050706
0.053219
0.051548
0.051554
0.052381
0.050716
0.053214
0.052379
0.053233
0.051540
0.052375
0.051546
0.053215
0.052372
0.051549
0.052370
0.052372
0.053220
0.052378
0.053210
0.051536
0.052375
0.052372
0.051539
0.052370
0.051530
0.052375
0.053218
0.053211
0.050693
0.051537
0.053212
0.053211
0.051538
0.051532
0.051562
0.049851
0.051527
0.051544
0.053211
0.050694
0.053209
0.052371
0.053209
0.051535
0.053212
0.050693
0.053203
0.051534
0.051532
0.053205
0.052375
0.052369
0.052368
0.050692
0.053203
