0.386034
0.318320
0.099695
0.062790
0.062712
0.062712
0.062712
0.062712
0.062712
0.062712
0.062712
0.062712
0.062712
0.062712
0.062712
0.062712
0.062712
0.062712
0.062712
0.062712
0.062595
0.062244
0.062595
0.062634
0.063008
0.061995
0.062712
0.062712
0.062712
0.062712
0.062712
0.062712
0.062712
0.062712
0.062712
0.062712
0.062712
0.062712
0.062712
0.062712
0.062712
0.062712
0.062712
0.062712
0.062712
0.062712
0.062712
0.062712
0.062712
0.062712
0.062712
0.062712
0.062712
0.062595
0.062595
0.062410
0.062512
0.062712
0.062712
0.062712
0.062712
0.062595
0.062244
0.062595
0.062595
0.062595
0.062595
0.062595
0.062478
0.062244
0.061392
0.056232
0.055067
0.053882
0.054397
0.054105
0.053776
0.053461
0.052636
0.053896
0.053516
0.053738
0.051609
0.051424
0.054008
0.053575
0.052643
0.051301
0.050815
0.050896
0.051990
0.050237
0.052102
0.051603
0.049743
0.049042
0.050954
0.049513
0.050046
0.047981
0.047718
0.047976
0.051561
0.050367
0.051312
0.048688
0.048244
0.045987
0.046254
0.045484
0.046036
0.045630
0.047155
0.046647
0.047228
0.047263
0.046763
0.045127
0.044675
0.046010
0.045987
0.047819
0.042566
0.045703
0.042796
0.045710
0.046280
0.043893
0.045511
0.042793
0.045368
0.044524
0.045074
0.044602
0.047263
0.047106
0.044400
0.045347
0.044390
0.044523
0.042207
0.045146
0.043667
0.045129
0.043853
0.044541
0.044356
0.043354
0.044228
0.045045
