0.383013
0.077995
0.061049
0.058267
0.057517
0.056381
0.055092
0.054378
0.053320
0.051720
0.049307
0.048474
0.047135
0.045586
0.046875
0.046628
0.044780
0.045214
0.046658
0.046301
0.046622
0.044715
0.044724
0.041869
0.043066
0.043623
0.046131
0.042691
0.043300
0.042665
0.043333
0.043453
0.041613
0.044088
0.043102
0.041193
0.041152
0.041530
0.042191
0.043188
0.040150
0.043060
0.041715
0.038783
0.041454
0.039867
0.040658
0.041501
0.040865
0.039780
0.039502
0.037991
0.034865
0.038413
0.035851
0.040576
0.041266
0.041988
0.038508
0.042179
0.038081
0.041529
0.036247
0.039243
0.037426
0.034998
0.036563
0.034883
0.038459
0.035036
0.037122
0.033048
0.032345
0.031567
0.037461
0.035327
0.037710
0.032281
0.031920
0.032425
0.033255
0.031072
0.034135
0.030244
0.033002
0.030984
0.031797
0.034398
0.031813
0.030853
0.032919
0.029396
0.031641
0.031742
0.031617
0.030831
0.030813
0.030777
0.031623
0.033237
0.030875
0.031144
0.032436
0.032646
0.030709
0.029952
0.032522
0.030798
0.031574
0.030704
0.033262
0.032375
0.033302
0.031566
0.031555
0.034006
0.034889
0.031612
0.032325
0.030794
0.032313
0.031592
0.032221
0.031187
0.025198
0.027217
0.026224
0.026445
0.026111
0.024022
0.025971
0.024346
0.025481
0.024191
0.022523
0.028797
0.027292
0.023085
0.024981
0.042094
0.047394
0.051378
0.054042
0.051811
0.054033
0.056410
0.050444
0.047892
0.047621
0.044884
