0.561723
0.152061
0.061062
0.058747
0.059546
0.059330
0.058799
0.058280
0.056376
0.055095
0.056601
0.056348
0.056293
0.056244
0.056208
0.055458
0.056644
0.054787
0.054032
0.054953
0.055633
0.055492
0.053689
0.055896
0.056169
0.054817
0.055543
0.054666
0.055089
0.054253
0.053140
0.054547
0.054880
0.053954
0.053894
0.053702
0.053078
0.053122
0.054317
0.052960
0.052222
0.053818
0.053040
0.052694
0.052887
0.051009
0.051978
0.051855
0.052997
0.051542
0.051882
0.052372
0.051384
0.051008
0.051970
0.052785
0.051880
0.051974
0.048645
0.049679
0.046602
0.048114
0.047590
0.051194
0.052624
0.052557
0.051077
0.051145
0.050320
0.048009
0.049958
0.051173
0.053452
0.050841
0.048572
0.050041
0.047601
0.046657
0.043230
0.043532
0.041898
0.042503
0.039735
0.039373
0.041046
0.040695
0.036453
0.037438
0.038294
0.035261
0.036000
0.034391
0.033432
0.034371
0.033558
0.035709
0.033714
0.030397
0.032169
0.029417
0.032110
0.035653
0.037408
0.036394
0.033954
0.033509
0.031395
0.029257
0.034258
0.031843
0.029371
0.025977
0.024509
0.021013
0.021098
0.019089
0.019298
0.018555
0.017664
0.019411
0.017301
0.016520
0.019178
0.018506
0.017454
0.017003
0.016846
0.016320
0.018099
0.018733
0.016970
0.016375
0.015829
0.016431
0.019346
0.016351
0.017625
0.016901
0.016068
0.017236
0.017504
0.017025
0.016873
0.017327
0.015222
0.013430
0.011476
0.012123
0.009541
0.008860
