0.233733
0.079580
0.073420
0.068808
0.070223
0.071561
0.078124
0.073419
0.070061
0.068762
0.068288
0.064926
0.063485
0.066340
0.060132
0.064360
0.063832
0.063958
0.060757
0.062093
0.060577
0.061683
0.058886
0.060236
0.059583
0.061117
0.056896
0.060005
0.057803
0.054427
0.054459
0.055589
0.053646
0.052783
0.054894
0.054895
0.054912
0.053080
0.051211
0.051497
0.052924
0.053437
0.053016
0.053885
0.054479
0.053418
0.053838
0.054164
0.052088
0.052476
0.050722
0.052722
0.052270
0.049667
0.051277
0.051772
0.053503
0.052025
0.049744
0.049680
0.050894
0.049953
0.051881
0.050331
0.049438
0.048846
0.049447
0.051322
0.053368
0.049667
0.051007
0.050683
0.047614
0.049403
0.050407
0.048505
0.051551
0.047918
0.048525
0.047202
0.051716
0.050167
0.048823
0.046688
0.045947
0.045777
0.046216
0.044780
0.048409
0.046900
0.048314
0.046359
0.045221
0.044694
0.050330
0.050386
0.046017
0.046112
0.043780
0.046683
0.048073
0.043431
0.048359
0.062871
0.083310
0.051439
0.052100
0.079116
0.061146
0.073602
0.058391
0.063921
0.058293
0.060338
0.060478
0.057372
0.059504
0.057647
0.059381
0.062915
0.065881
0.060448
0.062876
0.059972
0.059504
0.057468
0.061866
0.061046
0.057509
0.059579
0.054379
0.057726
0.056917
0.056859
0.058878
0.056233
0.061014
0.058510
0.056223
0.056173
0.056231
0.057246
0.056387
0.061889
0.058297
0.057216
0.056797
0.053932
0.056711
0.059210
