0.082923
0.074678
0.073498
0.071461
0.069166
0.070735
0.071670
0.070406
0.067995
0.066687
0.067961
0.065967
0.068683
0.065284
0.067751
0.067186
0.066545
0.067690
0.063158
0.063330
0.063302
0.065134
0.064620
0.064717
0.062657
0.062274
0.062149
0.063332
0.063705
0.062805
0.061655
0.062485
0.060532
0.060895
0.061505
0.059635
0.061369
0.061295
0.060438
0.062142
0.061261
0.060406
0.062163
0.059507
0.061233
0.062104
0.062990
0.059800
0.060144
0.059089
0.060438
0.061007
0.060112
0.058929
0.061526
0.058892
0.059682
0.058695
0.058284
0.056597
0.059831
0.058393
0.058166
0.058977
0.059664
0.056439
0.053808
0.056119
0.058957
0.054116
0.058214
0.055767
0.054970
0.056256
0.055614
0.056368
0.055327
0.056103
0.055148
0.056304
0.054907
0.054735
0.056507
0.053002
0.056188
0.053589
0.053696
0.055647
0.054187
0.055302
0.054290
0.050855
0.054842
0.054121
0.054290
0.051330
0.052187
0.054905
0.054771
0.054300
0.055367
0.052411
0.055871
0.053247
0.052119
0.055021
0.053002
0.045371
0.047799
0.043088
0.053593
0.055296
0.065396
0.058467
0.060769
0.056740
0.056154
0.060172
0.063520
0.060231
0.057480
0.063158
0.054495
0.055671
0.059430
0.060863
0.055823
0.053133
0.053164
0.053017
0.054649
0.053085
0.054400
0.055084
0.058923
0.048942
0.052747
0.049611
0.047260
0.050109
0.050084
0.047307
0.044834
0.049012
0.045778
0.046495
0.047461
0.043140
0.044778
0.047064
