0.111704
0.076113
0.071670
0.071670
0.071670
0.071670
0.071670
0.071670
0.071670
0.071670
0.071670
0.071670
0.071670
0.071670
0.071670
0.071670
0.071670
0.071670
0.071670
0.071670
0.071670
0.071670
0.071670
0.071670
0.071670
0.071670
0.071670
0.071670
0.071670
0.071670
0.071670
0.071670
0.071670
0.071670
0.071670
0.071670
0.071670
0.071670
0.070198
0.070829
0.071670
0.069698
0.073009
0.071203
0.071670
0.071670
0.070516
0.071360
0.071670
0.071670
0.071670
0.071670
0.069904
0.071031
0.067894
0.068318
0.065912
0.067631
0.064886
0.065619
0.066506
0.065565
0.065307
0.066581
0.065177
0.064160
0.064916
0.063300
0.063275
0.061854
0.062605
0.062338
0.062714
0.060285
0.062772
0.060359
0.060994
0.061011
0.061105
0.061535
0.061608
0.059973
0.060575
0.058863
0.075214
0.060769
0.061096
0.061219
0.059713
0.061909
0.059155
0.060712
0.062070
0.059676
0.059771
0.061305
0.060420
0.060309
0.061230
0.060470
0.060398
0.059496
0.060200
0.058511
0.061056
0.061189
0.058237
0.057542
0.063353
0.058190
0.059687
0.060073
0.060611
0.056984
0.058719
0.057878
0.059034
0.056334
0.056826
0.058204
0.057016
0.057166
0.054230
0.054076
0.052326
0.051510
0.052313
0.053977
0.055684
0.055616
0.054019
0.052905
0.050816
0.050249
0.050495
0.052801
0.041643
0.049600
0.050580
0.042873
0.044865
0.041148
0.041437
0.039362
0.041116
0.042743
0.041844
0.038061
0.042397
0.039848
