0.150680
0.084380
0.077357
0.070287
0.072595
0.070188
0.068457
0.068092
0.066382
0.067401
0.067385
0.065343
0.065849
0.065321
0.066069
0.063578
0.064249
0.063158
0.063155
0.062550
0.060865
0.060537
0.061241
0.063073
0.060972
0.060270
0.061372
0.060169
0.062569
0.062019
0.062575
0.062215
0.061612
0.060657
0.062236
0.062422
0.060453
0.059612
0.060512
0.061106
0.061136
0.059398
0.060739
0.061643
0.060321
0.062929
0.059615
0.058487
0.060243
0.061087
0.060266
0.057323
0.059550
0.058223
0.058761
0.059259
0.060684
0.058816
0.057849
0.062793
0.060521
0.060395
0.059750
0.059361
0.060142
0.059244
0.058797
0.059173
0.057944
0.059696
0.056705
0.057985
0.057955
0.058215
0.061011
0.061595
0.059754
0.057961
0.057918
0.058662
0.053450
0.055574
0.057422
0.060936
0.062493
0.061563
0.063004
0.059663
0.060345
0.060048
0.060702
0.061165
0.060795
0.062562
0.059007
0.056666
0.057774
0.056328
0.055415
0.058119
0.053559
0.057395
0.055263
0.053532
0.055286
0.054412
0.055153
0.053031
0.050265
0.054611
0.053489
0.054844
0.053802
0.052994
0.052330
0.053041
0.053734
0.050491
0.053054
0.048380
0.050434
0.046762
0.045026
0.041641
0.046859
0.051498
0.045041
0.043739
0.043820
0.043753
0.043399
0.044844
0.042775
0.043654
0.040594
0.040386
0.038304
0.043622
0.044323
0.043481
0.045902
0.043371
0.043332
0.037930
0.037603
0.041648
0.042412
0.042644
0.041819
0.041268
