0.099856
0.164425
0.081424
0.073963
0.072029
0.070686
0.067689
0.067384
0.067294
0.066027
0.063179
0.064295
0.063512
0.062612
0.061806
0.067038
0.064300
0.060835
0.065222
0.061591
0.059401
0.059898
0.056046
0.057259
0.056837
0.058050
0.052902
0.055312
0.056681
0.053350
0.055538
0.057879
0.057524
0.055315
0.057921
0.052717
0.054141
0.056032
0.053278
0.054452
0.053839
0.054043
0.054782
0.050884
0.053897
0.053954
0.051397
0.050232
0.051384
0.046709
0.046370
0.050395
0.050617
0.046443
0.049661
0.046061
0.047451
0.045549
0.047570
0.045380
0.049191
0.045448
0.045628
0.043639
0.045105
0.045169
0.048315
0.050866
0.049567
0.044532
0.045979
0.045189
0.044122
0.045993
0.045461
0.043478
0.040168
0.040831
0.040350
0.039938
0.037289
0.031893
0.038563
0.035873
0.036529
0.036343
0.038608
0.034778
0.036537
0.038395
0.034491
0.037068
0.029379
0.028271
0.030694
0.028063
0.030036
0.027765
0.029272
0.032026
0.033117
0.030972
0.033878
0.035483
0.033813
0.031885
0.031895
0.031041
0.031228
0.031737
0.027816
0.029508
0.028659
0.027169
0.030367
0.031589
0.030836
0.030763
0.028046
0.029691
0.028848
0.031693
0.030034
0.034420
0.029881
0.034854
0.034374
0.036336
0.033523
0.030697
0.034465
0.029739
0.026882
0.033359
0.030731
0.026541
0.032023
0.030126
0.029049
0.026175
0.029753
0.029251
0.025834
0.028984
0.026496
0.028527
0.028174
0.025194
0.026812
0.028083
