0.124171
0.095321
0.081844
0.071670
0.069624
0.067538
0.064639
0.064370
0.066763
0.061466
0.062151
0.061299
0.059656
0.060278
0.062205
0.056398
0.058896
0.055606
0.056987
0.054037
0.054222
0.058615
0.055921
0.055295
0.056088
0.054703
0.053644
0.056309
0.054498
0.054429
0.051890
0.054745
0.056256
0.052283
0.053438
0.052711
0.050922
0.051333
0.049685
0.051584
0.050607
0.051065
0.047720
0.052532
0.052397
0.048190
0.051490
0.048049
0.048558
0.052803
0.047538
0.053492
0.049184
0.051726
0.050614
0.050781
0.047415
0.052140
0.048382
0.049616
0.047960
0.049662
0.047517
0.050528
0.047190
0.045811
0.046854
0.046243
0.045391
0.048956
0.047128
0.048084
0.049482
0.046868
0.044391
0.047521
0.046445
0.047231
0.045516
0.047781
0.047612
0.046721
0.046627
0.047162
0.046091
0.047054
0.045939
0.048083
0.042801
0.041406
0.039134
0.036662
0.032979
0.028715
0.028416
0.028284
0.028387
0.026717
0.025816
0.034227
0.027908
0.028202
0.032010
0.023616
0.030865
0.033395
0.028570
0.035089
0.026118
0.026346
0.019329
0.021211
0.022146
0.026385
0.021473
0.026389
0.027832
0.016733
0.016562
0.015473
0.019239
0.015714
0.021109
0.017195
0.014056
0.014059
0.014749
0.017969
0.016813
0.012149
0.017329
0.011792
0.009565
0.009285
0.012073
0.010964
0.010550
0.009136
0.011639
0.010399
0.005748
0.012286
0.008845
0.012157
0.010249
0.007221
0.011047
0.008777
0.008247
0.016379
