0.159060
0.093567
0.079052
0.072438
0.070893
0.071670
0.071670
0.071670
0.071670
0.071670
0.071670
0.071670
0.071670
0.071670
0.071670
0.071670
0.071670
0.071670
0.071670
0.071670
0.071670
0.071670
0.071670
0.071670
0.071670
0.071670
0.071670
0.071670
0.071670
0.071670
0.071670
0.071670
0.071670
0.071670
0.071670
0.071670
0.071670
0.071670
0.071670
0.071670
0.071670
0.071670
0.071670
0.071670
0.071670
0.071670
0.071670
0.071670
0.071670
0.071828
0.071483
0.074350
0.073894
0.074989
0.070709
0.070735
0.071203
0.071203
0.071670
0.071670
0.071670
0.071670
0.071670
0.071670
0.071203
0.071483
0.079638
0.069606
0.073373
0.068767
0.071203
0.071670
0.071670
0.071670
0.071670
0.071670
0.071670
0.071670
0.071670
0.071670
0.071670
0.071670
0.071670
0.071670
0.071670
0.071670
0.071670
0.071670
0.071670
0.070839
0.070839
0.071360
0.071203
0.070996
0.071154
0.073561
0.072074
0.071561
0.071670
0.071670
0.071670
0.071670
0.071670
0.071670
0.071670
0.071670
0.070839
0.069820
0.069878
0.069878
0.070582
0.070839
0.070371
0.069698
0.070257
0.070786
0.070152
0.071330
0.071295
0.070135
0.070939
0.072191
0.069594
0.071203
0.071203
0.071670
0.071670
0.071670
0.071670
0.070839
0.070839
0.070743
0.069627
0.070079
0.069598
0.071203
0.071203
0.069996
0.071439
0.068102
0.068866
0.070061
0.068315
0.067118
0.078368
0.069337
0.070371
0.069278
0.070289
0.071518
