0.115974
0.169988
0.111861
0.092881
0.078321
0.069525
0.068624
0.067133
0.065710
0.060886
0.061992
0.061688
0.061797
0.058165
0.056821
0.060498
0.057262
0.053137
0.052907
0.053534
0.053725
0.052050
0.052848
0.052850
0.051843
0.051243
0.050751
0.049966
0.049951
0.049662
0.049899
0.049882
0.048006
0.048112
0.051017
0.047477
0.048549
0.048011
0.048249
0.051168
0.047432
0.048637
0.048173
0.046768
0.043304
0.045111
0.042055
0.041082
0.042316
0.038088
0.039156
0.043654
0.042008
0.036470
0.039344
0.037992
0.039829
0.037156
0.039852
0.036515
0.036752
0.033427
0.032514
0.034340
0.035348
0.033856
0.037422
0.038478
0.039054
0.038438
0.031885
0.033386
0.033418
0.033345
0.030467
0.028258
0.031522
0.027398
0.025549
0.026557
0.031341
0.028118
0.026942
0.027949
0.025098
0.027664
0.028872
0.023355
0.022421
0.031408
0.028352
0.026517
0.025599
0.022762
0.026720
0.020762
0.025713
0.021459
0.026375
0.022849
0.022941
0.022682
0.022877
0.022359
0.023204
0.024035
0.024594
0.022104
0.024510
0.022159
0.021677
0.020729
0.021903
0.020052
0.023171
0.023384
0.019413
0.019778
0.019931
0.019579
0.018353
0.019142
0.020559
0.020362
0.018738
0.026794
0.022465
0.027781
0.025960
0.021404
0.025317
0.024304
0.019603
0.024545
0.023138
0.019671
0.020998
0.020053
0.018390
0.018864
0.021176
0.018638
0.018150
0.020523
0.018806
0.020571
0.018950
0.017021
0.019201
0.019615
