0.110990
0.160602
0.075011
0.071670
0.071670
0.071670
0.071670
0.071670
0.071670
0.071670
0.071670
0.071670
0.071670
0.071670
0.071670
0.071670
0.071670
0.071670
0.071670
0.071670
0.071670
0.071670
0.071828
0.071391
0.071203
0.071670
0.071670
0.070380
0.071467
0.072016
0.071670
0.071670
0.071670
0.071670
0.071670
0.071670
0.071670
0.071670
0.071670
0.071898
0.070440
0.071006
0.069637
0.070174
0.071050
0.069361
0.070438
0.070031
0.070257
0.069646
0.070355
0.070996
0.071483
0.070511
0.069592
0.069381
0.068083
0.069436
0.071203
0.069873
0.069343
0.068241
0.068765
0.066933
0.065392
0.066012
0.068078
0.066050
0.067505
0.066671
0.067173
0.064208
0.064353
0.064992
0.064777
0.062644
0.062936
0.062840
0.061234
0.063339
0.062640
0.062085
0.063259
0.062245
0.061095
0.062223
0.061162
0.062490
0.059880
0.059503
0.058110
0.058554
0.059909
0.059882
0.062079
0.059060
0.059754
0.060435
0.059703
0.058111
0.058288
0.060025
0.058531
0.059869
0.060004
0.061293
0.056616
0.058906
0.058889
0.060874
0.058198
0.059654
0.056059
0.058317
0.058784
0.053512
0.062367
0.055762
0.055986
0.057719
0.052740
0.058429
0.051497
0.048971
0.051106
0.048071
0.050786
0.051720
0.047201
0.048690
0.048473
0.048508
0.047267
0.048009
0.044626
0.047395
0.048252
0.043865
0.047413
0.045872
0.045383
0.046214
0.041474
0.046119
0.044126
0.045265
0.044237
0.042275
0.044705
0.045093
