0.085779
0.071483
0.071828
0.070629
0.072230
0.070346
0.070246
0.069410
0.068999
0.067875
0.069464
0.068112
0.066040
0.068409
0.067540
0.069306
0.066501
0.066730
0.066228
0.068112
0.067045
0.065502
0.066323
0.064429
0.064917
0.064966
0.065306
0.067443
0.063843
0.066882
0.064540
0.063352
0.063849
0.064351
0.064423
0.064189
0.063680
0.064324
0.064825
0.062125
0.062853
0.061749
0.062696
0.063130
0.062089
0.063021
0.064102
0.061956
0.060374
0.063324
0.062773
0.062527
0.061477
0.085132
0.065219
0.067119
0.063730
0.067016
0.065484
0.063760
0.064855
0.063585
0.064290
0.065880
0.065479
0.062480
0.062635
0.064787
0.063264
0.063637
0.063086
0.061173
0.062140
0.063240
0.062959
0.064605
0.065535
0.065742
0.064366
0.060270
0.061466
0.063113
0.066425
0.064544
0.067220
0.063531
0.062749
0.062860
0.061601
0.062389
0.060698
0.062763
0.061916
0.065037
0.062698
0.055846
0.060735
0.059215
0.059410
0.056261
0.052880
0.055716
0.057181
0.053263
0.056284
0.052868
0.054370
0.052284
0.058594
0.052977
0.057617
0.054216
0.056603
0.051545
0.052018
0.051008
0.049922
0.052606
0.056443
0.050602
0.052280
0.054735
0.050738
0.052032
0.052410
0.052361
0.052207
0.049870
0.051739
0.052205
0.049726
0.050874
0.051618
0.053774
0.052572
0.051415
0.051195
0.051070
0.051627
0.050191
0.051676
0.051114
0.050558
0.051851
0.049372
0.050294
0.049229
0.048877
0.050289
0.052650
