0.102395
0.071316
0.070651
0.073705
0.070406
0.071670
0.071670
0.071670
0.071670
0.071670
0.071670
0.071670
0.071670
0.071670
0.071670
0.071203
0.071203
0.071360
0.071950
0.071670
0.071670
0.070839
0.074157
0.071670
0.071670
0.071670
0.071670
0.071670
0.071670
0.071670
0.071670
0.071670
0.071670
0.071670
0.071670
0.070839
0.071483
0.070705
0.070686
0.070844
0.070651
0.070735
0.070008
0.070371
0.070839
0.070371
0.070522
0.068993
0.067824
0.069219
0.068013
0.069311
0.069036
0.068743
0.068290
0.069496
0.069057
0.068404
0.065647
0.068237
0.065258
0.066970
0.067683
0.067992
0.066993
0.068273
0.065310
0.067104
0.066230
0.067103
0.064927
0.067570
0.066359
0.064428
0.064994
0.065835
0.065086
0.065810
0.071203
0.070371
0.065679
0.067490
0.067064
0.067114
0.065243
0.067027
0.066053
0.065564
0.065415
0.064436
0.063199
0.061806
0.060016
0.059102
0.060890
0.056566
0.058935
0.057776
0.055208
0.062021
0.054816
0.059078
0.055911
0.059097
0.060004
0.056209
0.056513
0.056457
0.057455
0.055879
0.054974
0.054350
0.051696
0.054540
0.054197
0.050957
0.052601
0.054707
0.051701
0.052144
0.054671
0.054837
0.055741
0.052881
0.051304
0.052000
0.053842
0.056355
0.052052
0.051950
0.052835
0.050231
0.053689
0.055514
0.053637
0.052783
0.051923
0.053802
0.055427
0.052818
0.054542
0.049342
0.057008
0.053301
0.055703
0.052768
0.052763
0.049282
0.052766
0.051020
