0.267490
0.082561
0.071980
0.070567
0.072174
0.070250
0.070652
0.069459
0.069882
0.071043
0.066680
0.063684
0.065665
0.064674
0.062085
0.062848
0.064551
0.063974
0.058641
0.062461
0.061322
0.062557
0.058956
0.059055
0.059411
0.060191
0.059815
0.060283
0.056316
0.055310
0.055398
0.054502
0.051491
0.052837
0.055710
0.053183
0.053830
0.051054
0.051388
0.050179
0.051497
0.052236
0.052923
0.051504
0.052832
0.050354
0.050830
0.051953
0.050824
0.049079
0.048422
0.050646
0.052093
0.047257
0.050603
0.053470
0.051296
0.048547
0.049719
0.049189
0.049048
0.047551
0.049831
0.048818
0.046008
0.044626
0.048357
0.047937
0.048194
0.048671
0.047855
0.046461
0.047438
0.046812
0.048501
0.045622
0.046157
0.045598
0.049565
0.046789
0.049217
0.048333
0.048244
0.043555
0.047336
0.038380
0.045456
0.043002
0.050183
0.052998
0.050106
0.056863
0.052685
0.054657
0.051240
0.053132
0.048061
0.049620
0.056900
0.049345
0.047818
0.049006
0.050497
0.049558
0.051899
0.051163
0.048918
0.049364
0.049359
0.055296
0.048076
0.049795
0.048478
0.050815
0.049486
0.048306
0.047066
0.047437
0.046968
0.048034
0.050653
0.047837
0.046779
0.049527
0.044570
0.048678
0.049011
0.049588
0.046923
0.047740
0.046999
0.050067
0.047460
0.046634
0.049262
0.046794
0.049401
0.048447
0.047486
0.048359
0.046626
0.049236
0.045789
0.049267
0.048360
0.046650
0.047523
0.046609
0.046651
0.049252
