0.076240
0.074444
0.073597
0.067381
0.069243
0.070604
0.068340
0.058339
0.059585
0.061470
0.051875
0.052637
0.056872
0.051620
0.049041
0.047329
0.047799
0.049242
0.048970
0.046052
0.048368
0.052185
0.049674
0.044406
0.045761
0.040652
0.043168
0.043879
0.047588
0.045098
0.039164
0.043042
0.043206
0.040643
0.040731
0.041602
0.036399
0.037453
0.039451
0.037884
0.038945
0.037170
0.040482
0.036304
0.032597
0.034860
0.033645
0.036027
0.031996
0.037353
0.033925
0.034395
0.028087
0.027293
0.034119
0.028241
0.036067
0.032208
0.027126
0.026641
0.026482
0.023818
0.022432
0.020822
0.027254
0.023374
0.030396
0.035176
0.025345
0.025944
0.027532
0.026443
0.020095
0.024288
0.024706
0.025695
0.020279
0.023864
0.027560
0.029230
0.019233
0.016694
0.027166
0.031392
0.026217
0.034976
0.027762
0.021696
0.024806
0.017803
0.027642
0.019001
0.031286
0.030150
0.030737
0.019747
0.022623
0.023388
0.025216
0.026921
0.036521
0.016323
0.022640
0.030977
0.016244
0.017282
0.026429
0.017121
0.013778
0.009635
0.016445
0.020970
0.021348
0.017065
0.018600
0.013583
0.016493
0.026413
0.014870
0.020527
0.011895
0.010040
0.009121
0.015475
0.009119
0.006546
0.006731
0.026659
0.008634
0.007881
0.007987
0.007398
0.007461
0.006425
0.007051
0.008407
0.019464
0.013860
0.024979
0.015054
0.013006
0.020402
0.021051
0.016736
0.019301
0.013410
0.025887
0.026833
0.020381
0.039257
