0.072771
0.070242
0.068922
0.071659
0.068046
0.068758
0.065912
0.063684
0.064964
0.064560
0.062389
0.060107
0.058250
0.059045
0.058483
0.055715
0.056384
0.056790
0.055360
0.049939
0.051660
0.049013
0.045863
0.042897
0.044812
0.040021
0.046218
0.043383
0.041307
0.040682
0.039848
0.039290
0.037516
0.040503
0.036864
0.040557
0.035466
0.035046
0.035176
0.031853
0.030698
0.034166
0.031077
0.026950
0.032379
0.031961
0.024202
0.026946
0.021770
0.028927
0.031022
0.018888
0.027779
0.023478
0.018342
0.031888
0.029123
0.035879
0.036751
0.038276
0.026586
0.028468
0.021316
0.031769
0.027645
0.022751
0.022642
0.021292
0.023523
0.014107
0.026958
0.023737
0.024233
0.014074
0.014818
0.013309
0.011975
0.015684
0.016038
0.018564
0.020068
0.011242
0.019980
0.012743
0.028657
0.011251
0.022556
0.014590
0.009837
0.015616
0.011350
0.011229
0.009843
0.009378
0.013743
0.014310
0.012631
0.011942
0.013141
0.009856
0.009401
0.017867
0.010842
0.018808
0.008470
0.024505
0.018164
0.017066
0.021337
0.014759
0.014051
0.010079
0.013546
0.018949
0.007384
0.027121
0.011433
0.004571
0.015922
0.009600
0.005854
0.005813
0.013019
0.009666
0.008453
0.004902
0.006625
0.004044
0.005844
0.010241
0.005749
0.005407
0.007421
0.005400
0.008271
0.003120
0.013130
0.013483
0.005959
0.015105
0.010702
0.012547
0.012358
0.009601
0.007067
0.005088
0.012241
0.011696
0.007714
0.012395
