0.073874
0.071670
0.071884
0.070704
0.071490
0.068884
0.070336
0.069894
0.069984
0.068850
0.063773
0.061958
0.060770
0.059428
0.057829
0.058917
0.059144
0.057908
0.053877
0.054332
0.051023
0.052808
0.047812
0.050983
0.043389
0.048915
0.048313
0.043301
0.041052
0.043170
0.044137
0.038669
0.039711
0.045644
0.044564
0.039593
0.037190
0.038690
0.035873
0.033885
0.035768
0.045315
0.030666
0.040494
0.034979
0.043404
0.034830
0.048661
0.041004
0.034843
0.035874
0.033254
0.033358
0.036730
0.027080
0.027309
0.031821
0.027774
0.031435
0.027896
0.032079
0.020994
0.031117
0.019518
0.021112
0.020987
0.019680
0.019602
0.019346
0.020737
0.016864
0.023966
0.012578
0.025104
0.014756
0.017323
0.016857
0.020498
0.020346
0.017947
0.018421
0.021021
0.016640
0.019549
0.016584
0.012136
0.020717
0.021094
0.011489
0.018640
0.016414
0.018689
0.032085
0.015268
0.027150
0.020940
0.016216
0.023920
0.019860
0.010565
0.016222
0.010955
0.023013
0.018212
0.030826
0.011078
0.019790
0.020972
0.019062
0.021157
0.009743
0.017323
0.022910
0.016515
0.015428
0.009895
0.016134
0.013207
0.007061
0.015571
0.008544
0.005368
0.004316
0.003968
0.005177
0.006054
0.003268
0.005265
0.004967
0.002465
0.007370
0.010365
0.001877
0.008404
0.003071
0.012610
0.013062
0.013366
0.017100
0.004440
0.011958
0.019644
0.006135
0.014790
0.013007
0.013586
0.015888
0.022047
0.010373
0.011119
