0.071976
0.074036
0.072549
0.070104
0.068177
0.070673
0.072400
0.070464
0.066806
0.067504
0.069972
0.066412
0.069403
0.066810
0.066707
0.061751
0.064503
0.063339
0.058763
0.068551
0.060319
0.056863
0.051784
0.057529
0.049630
0.049224
0.046898
0.048456
0.047263
0.046966
0.045162
0.044874
0.051044
0.039975
0.043227
0.049820
0.045625
0.040858
0.044604
0.042077
0.043872
0.040379
0.038125
0.040096
0.038646
0.036428
0.031909
0.031118
0.034031
0.035093
0.030450
0.032751
0.046499
0.035728
0.035842
0.031799
0.031874
0.029252
0.037591
0.031957
0.024147
0.021836
0.022828
0.026918
0.029430
0.022512
0.030528
0.032956
0.067692
0.039487
0.032334
0.033511
0.033619
0.031805
0.038503
0.033368
0.025070
0.029067
0.045356
0.030722
0.029785
0.033308
0.025063
0.030055
0.029213
0.026115
0.030250
0.023500
0.036227
0.025735
0.029158
0.027743
0.030933
0.020079
0.018931
0.019514
0.029284
0.019569
0.022430
0.017627
0.016354
0.019308
0.014287
0.018592
0.019310
0.018599
0.018155
0.013018
0.013372
0.015169
0.015493
0.017510
0.018338
0.014445
0.014431
0.015945
0.018045
0.014284
0.013876
0.022832
0.017888
0.011942
0.015915
0.021676
0.018573
0.014320
0.022586
0.016303
0.016335
0.024636
0.016581
0.013712
0.012959
0.013998
0.017033
0.018638
0.032579
0.021731
0.018512
0.026736
0.015988
0.020591
0.023790
0.021432
0.018917
0.014889
0.017468
0.039368
0.019088
0.022851
