0.072730
0.071293
0.071241
0.069604
0.072178
0.071522
0.065296
0.065635
0.058183
0.061653
0.060176
0.059372
0.058776
0.058010
0.061776
0.058234
0.060003
0.059640
0.057323
0.054503
0.057578
0.057126
0.056127
0.056172
0.050095
0.054806
0.049601
0.050115
0.050266
0.051974
0.043375
0.053134
0.046488
0.047876
0.043679
0.040914
0.041753
0.042610
0.047453
0.047337
0.045784
0.039158
0.042772
0.037593
0.038813
0.037525
0.043643
0.040227
0.036428
0.045565
0.041741
0.047017
0.036037
0.029501
0.035804
0.041391
0.031568
0.043837
0.037899
0.036594
0.055961
0.029429
0.032476
0.035387
0.030454
0.032944
0.032248
0.034103
0.034477
0.028296
0.024855
0.029063
0.027015
0.020422
0.028203
0.024700
0.023515
0.020451
0.024287
0.024802
0.020427
0.017827
0.022783
0.020935
0.016705
0.023950
0.022642
0.022811
0.019190
0.029459
0.021621
0.020340
0.023015
0.025531
0.015940
0.024103
0.022294
0.017572
0.019966
0.018663
0.020942
0.018790
0.013436
0.017643
0.015009
0.015791
0.019778
0.016090
0.014547
0.012063
0.019211
0.017458
0.020655
0.016573
0.017402
0.015448
0.014651
0.016549
0.019157
0.012825
0.017405
0.014693
0.014942
0.014089
0.012540
0.014316
0.010492
0.008798
0.011155
0.005698
0.009290
0.012649
0.005946
0.022717
0.016170
0.012432
0.007612
0.021091
0.017810
0.014451
0.017640
0.015016
0.023970
0.015076
0.027011
0.021024
0.024474
0.011116
0.012100
0.019799
