0.073725
0.071859
0.069887
0.071048
0.068454
0.063585
0.065781
0.064247
0.061613
0.059000
0.061343
0.056084
0.056890
0.062083
0.055167
0.054312
0.054942
0.056360
0.050377
0.057360
0.056687
0.055505
0.052001
0.048843
0.047705
0.045257
0.047662
0.046458
0.046824
0.044036
0.041152
0.039688
0.042999
0.040261
0.045405
0.039234
0.039573
0.041013
0.036930
0.043871
0.036347
0.033509
0.041642
0.036990
0.035310
0.033103
0.034295
0.031362
0.036068
0.037646
0.039777
0.031854
0.041616
0.034152
0.033082
0.049966
0.040096
0.045126
0.040777
0.039707
0.036721
0.030597
0.038558
0.029465
0.029216
0.027502
0.027495
0.031629
0.033023
0.023070
0.023630
0.025455
0.021611
0.023656
0.025161
0.021960
0.028277
0.030150
0.023143
0.027238
0.023488
0.021811
0.020591
0.016113
0.018639
0.018213
0.024141
0.020793
0.020500
0.020443
0.026668
0.024298
0.029564
0.034341
0.024255
0.019415
0.012953
0.020880
0.017146
0.031775
0.024438
0.024885
0.018652
0.022280
0.022496
0.016683
0.015720
0.012573
0.016915
0.012215
0.017254
0.021001
0.013245
0.011639
0.007076
0.008494
0.011154
0.006829
0.011057
0.008021
0.016421
0.007233
0.009628
0.014128
0.008287
0.011133
0.007491
0.010416
0.008860
0.006887
0.011201
0.007693
0.010991
0.008203
0.017017
0.019686
0.009649
0.011523
0.014701
0.012126
0.013766
0.010593
0.012315
0.010761
0.015179
0.009897
0.017033
0.017322
0.007484
0.009157
