0.160000
0.165000
0.145000
0.160000
0.165000
0.195000
0.175000
0.175000
0.175000
0.225000
0.250000
0.255000
0.310000
0.290000
0.220000
0.205000
0.220000
0.185000
0.180000
0.180000
0.185000
0.190000
0.215000
0.290000
0.225000
0.240000
0.215000
0.220000
0.235000
0.235000
0.245000
0.265000
0.235000
0.260000
0.270000
0.275000
0.280000
0.280000
0.275000
0.330000
0.335000
0.340000
0.350000
0.385000
0.360000
0.385000
0.390000
0.410000
0.410000
0.405000
0.360000
0.395000
0.415000
0.420000
0.410000
0.435000
0.420000
0.440000
0.455000
0.440000
0.475000
0.470000
0.445000
0.465000
0.480000
0.440000
0.480000
0.490000
0.530000
0.540000
0.545000
0.515000
0.520000
0.555000
0.545000
0.535000
0.520000
0.560000
0.605000
0.615000
0.620000
0.620000
0.670000
0.675000
0.700000
0.665000
0.720000
0.780000
0.680000
0.790000
0.765000
0.810000
0.835000
0.825000
0.860000
0.815000
0.820000
0.815000
0.790000
0.865000
0.790000
0.745000
0.875000
0.755000
0.785000
0.855000
0.850000
0.775000
0.805000
0.840000
0.870000
0.870000
0.905000
0.925000
0.935000
0.965000
0.920000
0.930000
0.885000
0.975000
0.970000
0.980000
0.945000
0.955000
0.900000
0.970000
0.975000
0.990000
0.960000
0.955000
0.960000
0.985000
0.985000
0.990000
0.990000
0.985000
0.980000
0.990000
0.990000
0.990000
0.985000
0.990000
0.990000
0.980000
0.990000
0.990000
0.990000
0.990000
0.980000
0.980000
