0.160000
0.160000
0.155000
0.155000
0.155000
0.160000
0.155000
0.160000
0.160000
0.160000
0.160000
0.160000
0.160000
0.155000
0.160000
0.175000
0.185000
0.190000
0.175000
0.180000
0.200000
0.210000
0.230000
0.230000
0.255000
0.275000
0.270000
0.250000
0.265000
0.265000
0.280000
0.295000
0.320000
0.300000
0.315000
0.310000
0.345000
0.365000
0.335000
0.405000
0.405000
0.400000
0.405000
0.455000
0.415000
0.375000
0.435000
0.480000
0.480000
0.490000
0.505000
0.495000
0.505000
0.495000
0.515000
0.480000
0.510000
0.490000
0.500000
0.475000
0.520000
0.540000
0.570000
0.560000
0.615000
0.530000
0.530000
0.510000
0.520000
0.585000
0.580000
0.655000
0.640000
0.720000
0.655000
0.695000
0.755000
0.705000
0.740000
0.800000
0.735000
0.800000
0.815000
0.775000
0.760000
0.775000
0.820000
0.835000
0.850000
0.870000
0.900000
0.920000
0.825000
0.840000
0.765000
0.835000
0.895000
0.870000
0.900000
0.935000
0.970000
0.930000
0.885000
0.915000
0.945000
0.920000
0.960000
0.970000
0.980000
0.945000
0.955000
0.995000
0.965000
0.945000
0.965000
0.955000
0.960000
0.985000
0.980000
0.995000
0.975000
0.995000
0.980000
0.995000
0.995000
0.990000
0.995000
0.995000
0.990000
0.990000
0.990000
0.995000
0.995000
0.995000
0.995000
0.985000
0.965000
0.945000
0.910000
0.910000
0.965000
0.945000
0.990000
0.995000
0.990000
0.985000
0.990000
0.995000
0.995000
0.995000
