0.155000
0.180000
0.175000
0.185000
0.225000
0.255000
0.295000
0.260000
0.270000
0.315000
0.310000
0.340000
0.340000
0.345000
0.395000
0.385000
0.430000
0.415000
0.370000
0.375000
0.450000
0.415000
0.415000
0.420000
0.420000
0.410000
0.350000
0.370000
0.420000
0.445000
0.475000
0.475000
0.485000
0.530000
0.505000
0.550000
0.485000
0.535000
0.390000
0.395000
0.450000
0.385000
0.415000
0.445000
0.450000
0.460000
0.460000
0.460000
0.480000
0.540000
0.495000
0.490000
0.415000
0.460000
0.450000
0.475000
0.505000
0.515000
0.520000
0.580000
0.630000
0.580000
0.600000
0.620000
0.620000
0.670000
0.640000
0.685000
0.695000
0.715000
0.690000
0.690000
0.660000
0.665000
0.705000
0.690000
0.655000
0.620000
0.635000
0.645000
0.675000
0.720000
0.755000
0.765000
0.770000
0.790000
0.795000
0.825000
0.695000
0.755000
0.785000
0.770000
0.745000
0.800000
0.775000
0.790000
0.755000
0.795000
0.800000
0.790000
0.825000
0.755000
0.775000
0.775000
0.750000
0.785000
0.795000
0.810000
0.835000
0.830000
0.880000
0.870000
0.920000
0.890000
0.920000
0.925000
0.915000
0.880000
0.910000
0.935000
0.930000
0.950000
0.950000
0.980000
0.960000
0.975000
0.955000
0.940000
0.980000
0.990000
0.970000
0.975000
0.990000
0.995000
0.990000
0.985000
0.990000
0.985000
0.990000
0.995000
0.985000
0.975000
0.975000
0.970000
0.980000
0.990000
0.980000
0.975000
0.995000
0.985000
