0.205000
0.155000
0.155000
0.175000
0.155000
0.155000
0.155000
0.155000
0.155000
0.155000
0.155000
0.155000
0.155000
0.155000
0.155000
0.155000
0.155000
0.155000
0.155000
0.155000
0.155000
0.155000
0.155000
0.155000
0.155000
0.155000
0.155000
0.155000
0.155000
0.155000
0.155000
0.155000
0.155000
0.155000
0.155000
0.155000
0.155000
0.155000
0.155000
0.155000
0.155000
0.155000
0.155000
0.155000
0.155000
0.155000
0.155000
0.155000
0.155000
0.155000
0.180000
0.195000
0.215000
0.260000
0.260000
0.305000
0.285000
0.300000
0.345000
0.330000
0.340000
0.345000
0.365000
0.385000
0.380000
0.385000
0.370000
0.370000
0.340000
0.360000
0.375000
0.390000
0.380000
0.410000
0.425000
0.430000
0.410000
0.430000
0.440000
0.460000
0.465000
0.485000
0.490000
0.490000
0.435000
0.480000
0.510000
0.555000
0.535000
0.550000
0.545000
0.590000
0.570000
0.550000
0.515000
0.435000
0.435000
0.385000
0.435000
0.410000
0.440000
0.445000
0.470000
0.465000
0.470000
0.485000
0.550000
0.555000
0.570000
0.585000
0.590000
0.600000
0.600000
0.605000
0.585000
0.625000
0.630000
0.635000
0.655000
0.655000
0.685000
0.625000
0.630000
0.650000
0.675000
0.730000
0.630000
0.595000
0.605000
0.715000
0.610000
0.720000
0.740000
0.730000
0.800000
0.805000
0.830000
0.840000
0.830000
0.865000
0.875000
0.925000
0.910000
0.775000
0.870000
0.785000
0.910000
0.865000
0.910000
0.885000
