0.089699
0.063147
0.062830
0.062751
0.062712
0.062712
0.062712
0.074720
0.062712
0.062751
0.062556
0.062758
0.061930
0.062176
0.060830
0.061507
0.061081
0.060631
0.060967
0.060712
0.062245
0.062478
0.061814
0.061302
0.061183
0.060590
0.060164
0.059568
0.059070
0.060889
0.060689
0.060570
0.060338
0.058623
0.058388
0.058806
0.057837
0.057724
0.057388
0.057720
0.056617
0.055286
0.058837
0.056523
0.056092
0.054188
0.072518
0.061659
0.060915
0.061769
0.061112
0.060720
0.059702
0.059300
0.059537
0.059542
0.059414
0.058533
0.058442
0.058381
0.057464
0.055896
0.053337
0.053860
0.054263
0.051174
0.050621
0.052050
0.055033
0.054716
0.052002
0.052967
0.052475
0.050683
0.050353
0.050340
0.049657
0.052948
0.053811
0.053455
0.052730
0.053759
0.054038
0.054156
0.053878
0.050252
0.051036
0.050525
0.051564
0.050761
0.047780
0.046839
0.046167
0.048302
0.046566
0.042803
0.042336
0.040306
0.041998
0.038606
0.039797
0.042173
0.037862
0.036239
0.037523
0.036981
0.036803
0.035894
0.037309
0.037186
0.040061
0.037930
0.035999
0.035585
0.037444
0.034094
0.030697
0.032136
0.037522
0.038036
0.034805
0.034367
0.032563
0.032525
0.029840
0.029212
0.028720
0.032293
0.029256
0.027268
0.026892
0.024400
0.024152
0.023515
0.025109
0.032118
0.033410
0.029356
0.030638
0.028996
0.024356
0.022392
0.026204
0.021630
0.022232
0.021301
0.020982
0.019788
0.019406
0.017103
