0.136117
0.062904
0.061087
0.059031
0.058905
0.056786
0.058516
0.057070
0.055930
0.056986
0.057954
0.055283
0.056722
0.056514
0.056981
0.056947
0.055790
0.055058
0.055370
0.055391
0.057102
0.054551
0.056593
0.056183
0.056633
0.055811
0.055702
0.054120
0.054127
0.055642
0.053876
0.055791
0.054705
0.054973
0.054744
0.052414
0.053538
0.055483
0.053692
0.053679
0.052424
0.052879
0.050458
0.050583
0.050275
0.050220
0.051138
0.050170
0.050267
0.049502
0.051257
0.050297
0.048259
0.051975
0.050707
0.050164
0.048927
0.050411
0.049306
0.052585
0.051389
0.052101
0.051172
0.048797
0.048979
0.049036
0.049134
0.048568
0.046634
0.045854
0.046404
0.047947
0.045808
0.043534
0.048687
0.047579
0.046213
0.044046
0.044590
0.046032
0.043425
0.046650
0.043837
0.045845
0.041564
0.043559
0.043927
0.043302
0.042541
0.039474
0.043991
0.041239
0.041459
0.042247
0.040564
0.041986
0.044417
0.045194
0.046975
0.042831
0.054586
0.054972
0.053655
0.053521
0.052938
0.050722
0.049663
0.048184
0.048508
0.048782
0.046692
0.048466
0.047778
0.049298
0.046351
0.047691
0.045084
0.044766
0.044822
0.045998
0.042969
0.041679
0.040184
0.040811
0.039289
0.041111
0.044242
0.045640
0.043181
0.040550
0.042903
0.037001
0.038627
0.037364
0.038577
0.036680
0.036125
0.034071
0.036955
0.036497
0.034334
0.033436
0.032633
0.045623
0.044677
0.045085
0.045344
0.037664
0.034811
0.032057
