0.159713
0.062751
0.062712
0.061735
0.065196
0.062712
0.062712
0.062712
0.062712
0.062712
0.062712
0.062712
0.062712
0.062712
0.062712
0.062712
0.062712
0.062712
0.062712
0.062712
0.062712
0.062712
0.062712
0.062712
0.062712
0.062712
0.062712
0.062712
0.062712
0.062712
0.062712
0.062712
0.062712
0.062712
0.062712
0.062712
0.062712
0.062712
0.062712
0.062712
0.062712
0.062712
0.062712
0.062712
0.062712
0.062712
0.062712
0.062712
0.062712
0.062712
0.061385
0.061487
0.059344
0.060075
0.060087
0.058265
0.058393
0.057070
0.057022
0.056642
0.056368
0.056691
0.054311
0.053327
0.054125
0.054543
0.053138
0.056165
0.054526
0.053219
0.053651
0.052146
0.052928
0.051737
0.050090
0.052696
0.053738
0.052353
0.051168
0.050591
0.047640
0.049815
0.049279
0.045349
0.050880
0.047818
0.045440
0.044828
0.044258
0.042273
0.045555
0.043584
0.040899
0.044360
0.048251
0.050826
0.050370
0.051755
0.052343
0.050701
0.048171
0.046559
0.045952
0.047666
0.046768
0.045767
0.045138
0.044849
0.041730
0.041059
0.042235
0.040767
0.040518
0.039963
0.039901
0.039129
0.039482
0.040064
0.037537
0.035234
0.036320
0.036393
0.040118
0.038166
0.035551
0.031165
0.033918
0.040088
0.042749
0.035028
0.037066
0.035094
0.029023
0.027569
0.022069
0.025393
0.022086
0.020635
0.023037
0.021283
0.017671
0.018252
0.016959
0.025931
0.021756
0.022744
0.021631
0.021118
0.018393
0.016875
