0.252241
0.066504
0.063477
0.063146
0.063029
0.062487
0.062599
0.062716
0.062755
0.061521
0.060833
0.058851
0.056002
0.057901
0.060729
0.061700
0.061157
0.061972
0.061933
0.061110
0.061816
0.061422
0.061074
0.059784
0.060535
0.060885
0.061701
0.061194
0.060280
0.060851
0.060878
0.060177
0.060842
0.060368
0.060429
0.059910
0.059435
0.059956
0.059054
0.057004
0.057050
0.057328
0.056742
0.054326
0.055058
0.054050
0.054591
0.052597
0.052581
0.053184
0.055097
0.052656
0.052132
0.050015
0.051270
0.051077
0.050071
0.050390
0.049575
0.050807
0.049395
0.049545
0.050719
0.047798
0.050009
0.049781
0.048095
0.046748
0.044157
0.044853
0.044844
0.042520
0.046290
0.045563
0.043609
0.041940
0.039297
0.040264
0.039214
0.040653
0.040629
0.037369
0.034384
0.033693
0.031856
0.034606
0.035733
0.028859
0.030919
0.029568
0.030514
0.026375
0.023533
0.026144
0.021516
0.021843
0.022168
0.019215
0.022924
0.016977
0.018814
0.022141
0.016008
0.023255
0.017663
0.014279
0.012937
0.030500
0.024668
0.019414
0.013814
0.011742
0.010941
0.007617
0.008456
0.004696
0.006694
0.007194
0.008910
0.004961
0.005534
0.004500
0.004686
0.006170
0.006862
0.004371
0.003544
0.002949
0.004185
0.003614
0.003939
0.003507
0.002197
0.002059
0.001896
0.002078
0.003610
0.001647
0.001963
0.001681
0.002187
0.001945
0.001476
0.001750
0.001629
0.001848
0.002268
0.002084
0.001803
0.002105
