0.163505
0.063422
0.062949
0.062556
0.060614
0.059261
0.058381
0.058815
0.059979
0.057430
0.056019
0.056326
0.055675
0.055827
0.054009
0.053917
0.053749
0.053058
0.055247
0.053951
0.053565
0.051490
0.051797
0.052806
0.051384
0.052491
0.055299
0.053319
0.051229
0.053167
0.049715
0.052576
0.050761
0.048230
0.045514
0.044460
0.045773
0.046343
0.052449
0.053405
0.054073
0.051802
0.052137
0.050317
0.050094
0.050443
0.050534
0.048208
0.048791
0.046052
0.045192
0.047771
0.052577
0.049963
0.048556
0.047899
0.044911
0.045117
0.047154
0.043386
0.039779
0.041245
0.040376
0.040359
0.040082
0.035727
0.037361
0.034839
0.035192
0.032798
0.031071
0.034980
0.036093
0.036373
0.034458
0.032856
0.038910
0.035842
0.038334
0.033039
0.032886
0.032500
0.029556
0.030058
0.028953
0.028608
0.028790
0.024212
0.029515
0.030782
0.029728
0.033032
0.030373
0.029653
0.030669
0.027378
0.025918
0.021950
0.024652
0.022757
0.021386
0.020224
0.024040
0.024791
0.024576
0.019748
0.015261
0.021359
0.015149
0.015123
0.010669
0.011714
0.008589
0.009965
0.007393
0.008574
0.008035
0.011945
0.009667
0.006888
0.007371
0.004565
0.004007
0.004176
0.005362
0.003926
0.003837
0.005771
0.003637
0.002798
0.004019
0.003028
0.002550
0.002666
0.002428
0.003218
0.002435
0.002823
0.002142
0.001764
0.003280
0.003123
0.003079
0.002927
0.002601
0.002535
0.002508
0.002994
0.001604
0.001778
