0.290367
0.066379
0.062713
0.062676
0.063424
0.062634
0.062751
0.062595
0.062595
0.062595
0.062595
0.062595
0.062595
0.062673
0.062559
0.062481
0.062128
0.062617
0.062363
0.062245
0.061896
0.061273
0.060980
0.060747
0.059509
0.059493
0.061512
0.061709
0.058734
0.057511
0.054789
0.055415
0.051261
0.050894
0.053197
0.051508
0.050341
0.054603
0.055535
0.051788
0.052102
0.051528
0.052092
0.048013
0.052194
0.051253
0.048271
0.047679
0.048083
0.045111
0.045273
0.048014
0.045235
0.045643
0.044888
0.044676
0.046797
0.045649
0.046082
0.045113
0.044351
0.041831
0.042686
0.041687
0.041238
0.040730
0.041418
0.044716
0.041203
0.040591
0.039631
0.033754
0.029043
0.025946
0.025971
0.024355
0.023173
0.025779
0.022125
0.020038
0.021712
0.019562
0.016436
0.020967
0.022122
0.019337
0.016075
0.014663
0.014724
0.013804
0.011750
0.010718
0.015749
0.017258
0.021015
0.014396
0.010500
0.010956
0.009586
0.007708
0.005553
0.006901
0.008385
0.009192
0.006456
0.006841
0.006286
0.003891
0.003405
0.005052
0.004357
0.003011
0.006356
0.004984
0.006246
0.004402
0.003571
0.002803
0.003339
0.001847
0.002453
0.001600
0.001646
0.001285
0.001699
0.001626
0.001697
0.002335
0.001694
0.001746
0.001316
0.001397
0.001232
0.001054
0.002364
0.003082
0.003829
0.005599
0.007604
0.009695
0.004801
0.005358
0.001806
0.001576
0.001833
0.001643
0.001257
0.001099
0.001090
0.000649
