0.150000
0.250000
0.345000
0.385000
0.440000
0.340000
0.415000
0.435000
0.440000
0.460000
0.490000
0.490000
0.500000
0.575000
0.650000
0.655000
0.660000
0.660000
0.660000
0.660000
0.665000
0.660000
0.570000
0.600000
0.705000
0.730000
0.710000
0.740000
0.750000
0.730000
0.750000
0.785000
0.780000
0.775000
0.770000
0.805000
0.815000
0.825000
0.820000
0.830000
0.820000
0.840000
0.840000
0.820000
0.810000
0.800000
0.840000
0.840000
0.840000
0.840000
0.840000
0.840000
0.840000
0.840000
0.835000
0.840000
0.840000
0.840000
0.840000
0.840000
0.840000
0.840000
0.840000
0.840000
0.840000
0.840000
0.840000
0.840000
0.840000
0.840000
0.840000
0.840000
0.840000
0.840000
0.840000
0.840000
0.840000
0.840000
0.840000
0.840000
0.840000
0.840000
0.840000
0.840000
0.840000
0.840000
0.840000
0.840000
0.840000
0.840000
0.840000
0.840000
0.840000
0.840000
0.840000
0.840000
0.840000
0.840000
0.840000
0.840000
0.840000
0.840000
0.840000
0.840000
0.840000
0.840000
0.840000
0.840000
0.840000
0.840000
0.840000
0.840000
0.840000
0.840000
0.840000
0.840000
0.840000
0.840000
0.840000
0.840000
0.840000
0.840000
0.840000
0.840000
0.840000
0.840000
0.840000
0.840000
0.840000
0.840000
0.840000
0.840000
0.840000
0.840000
0.840000
0.840000
0.840000
0.840000
0.840000
0.840000
0.840000
0.840000
0.840000
0.840000
0.840000
0.840000
0.840000
0.840000
0.840000
0.840000
