0.220000
0.225000
0.185000
0.190000
0.260000
0.255000
0.260000
0.305000
0.300000
0.335000
0.335000
0.340000
0.345000
0.345000
0.340000
0.350000
0.340000
0.350000
0.350000
0.350000
0.350000
0.350000
0.350000
0.350000
0.350000
0.350000
0.350000
0.350000
0.350000
0.350000
0.350000
0.350000
0.350000
0.350000
0.350000
0.350000
0.350000
0.350000
0.350000
0.350000
0.350000
0.350000
0.350000
0.350000
0.350000
0.350000
0.350000
0.350000
0.350000
0.350000
0.350000
0.350000
0.350000
0.350000
0.350000
0.350000
0.350000
0.350000
0.350000
0.350000
0.350000
0.350000
0.350000
0.350000
0.350000
0.350000
0.350000
0.350000
0.350000
0.350000
0.350000
0.350000
0.350000
0.350000
0.350000
0.350000
0.350000
0.350000
0.350000
0.350000
0.350000
0.350000
0.350000
0.350000
0.350000
0.350000
0.350000
0.350000
0.365000
0.350000
0.350000
0.350000
0.345000
0.350000
0.350000
0.350000
0.345000
0.350000
0.350000
0.350000
0.350000
0.350000
0.350000
0.350000
0.350000
0.350000
0.350000
0.350000
0.350000
0.350000
0.350000
0.350000
0.350000
0.350000
0.350000
0.350000
0.350000
0.350000
0.350000
0.350000
0.350000
0.350000
0.350000
0.350000
0.350000
0.350000
0.350000
0.350000
0.350000
0.350000
0.350000
0.350000
0.350000
0.350000
0.350000
0.350000
0.350000
0.350000
0.350000
0.350000
0.350000
0.350000
0.350000
0.350000
0.350000
0.350000
0.350000
0.350000
0.350000
0.350000
