0.175000
0.210000
0.240000
0.255000
0.215000
0.265000
0.210000
0.225000
0.245000
0.260000
0.280000
0.290000
0.295000
0.295000
0.310000
0.300000
0.310000
0.300000
0.310000
0.310000
0.320000
0.315000
0.310000
0.315000
0.325000
0.315000
0.330000
0.335000
0.325000
0.335000
0.325000
0.325000
0.335000
0.340000
0.340000
0.340000
0.325000
0.340000
0.340000
0.340000
0.340000
0.345000
0.345000
0.340000
0.345000
0.345000
0.345000
0.345000
0.345000
0.345000
0.345000
0.345000
0.345000
0.345000
0.345000
0.345000
0.340000
0.345000
0.345000
0.345000
0.345000
0.345000
0.345000
0.290000
0.175000
0.180000
0.195000
0.215000
0.285000
0.310000
0.330000
0.340000
0.340000
0.345000
0.340000
0.345000
0.340000
0.345000
0.345000
0.345000
0.345000
0.345000
0.345000
0.345000
0.345000
0.345000
0.345000
0.345000
0.345000
0.345000
0.350000
0.350000
0.355000
0.380000
0.445000
0.390000
0.440000
0.480000
0.500000
0.480000
0.500000
0.505000
0.515000
0.510000
0.515000
0.515000
0.505000
0.515000
0.510000
0.515000
0.515000
0.515000
0.515000
0.515000
0.515000
0.515000
0.515000
0.515000
0.515000
0.515000
0.515000
0.515000
0.515000
0.515000
0.515000
0.515000
0.515000
0.515000
0.515000
0.515000
0.515000
0.515000
0.515000
0.515000
0.515000
0.515000
0.515000
0.515000
0.515000
0.515000
0.515000
0.515000
0.515000
0.515000
0.515000
0.515000
0.515000
0.515000
0.515000
0.515000
