0.261711
0.076491
0.060349
0.062303
0.059622
0.054194
0.054388
0.053615
0.047790
0.047345
0.045566
0.045248
0.045965
0.044023
0.043765
0.044944
0.044739
0.044391
0.042563
0.042299
0.041679
0.041891
0.042465
0.043238
0.039825
0.042175
0.043028
0.041184
0.042865
0.041237
0.041917
0.041775
0.040299
0.041028
0.040076
0.040107
0.042599
0.040159
0.041006
0.041713
0.040040
0.041102
0.040092
0.041624
0.040002
0.038281
0.041565
0.042668
0.042414
0.039909
0.039072
0.042354
0.039097
0.041552
0.039008
0.039867
0.039858
0.040680
0.041544
0.039000
0.040651
0.040671
0.040683
0.041494
0.041520
0.040697
0.038957
0.040660
0.041491
0.040652
0.038132
0.040642
0.042326
0.039824
0.040629
0.039808
0.042308
0.039813
0.040622
0.040621
0.040632
0.039802
0.041459
0.042308
0.042306
0.041468
0.042302
0.042302
0.042018
0.043514
0.041407
0.042517
0.043055
0.042207
0.038788
0.041325
0.041391
0.040790
0.040008
0.039089
0.040661
0.042388
0.040650
0.041495
0.039832
0.042310
0.040642
0.040665
0.040639
0.041471
0.040625
0.042314
0.042296
0.039795
0.040629
0.042303
0.040622
0.041458
0.039784
0.043135
0.039785
0.042292
0.041452
0.042291
0.039772
0.041457
0.042296
0.040618
0.038933
0.040615
0.042291
0.040610
0.040612
0.041448
0.040609
0.038938
0.041457
0.038929
0.040611
0.041447
0.041449
0.041450
0.043135
0.038092
0.039770
0.041443
0.040604
0.038929
0.040610
0.040605
