0.273057
0.190040
0.121275
0.067348
0.062187
0.061039
0.062770
0.061770
0.061421
0.060994
0.060467
0.060086
0.059791
0.058936
0.059903
0.059392
0.059444
0.059441
0.057480
0.057989
0.057647
0.056319
0.055693
0.058093
0.058045
0.056749
0.055897
0.056654
0.056253
0.053758
0.057156
0.056095
0.056085
0.055579
0.054370
0.054504
0.055572
0.053925
0.054922
0.053916
0.053079
0.054316
0.052836
0.053589
0.054763
0.053231
0.051595
0.053624
0.053601
0.053408
0.051680
0.052469
0.052647
0.051959
0.051699
0.051789
0.053432
0.053642
0.054119
0.052556
0.052536
0.053420
0.051689
0.058074
0.062712
0.062244
0.061893
0.061816
0.059353
0.057064
0.056847
0.054870
0.053080
0.053766
0.053578
0.051580
0.053874
0.052422
0.052990
0.051311
0.052717
0.053762
0.050303
0.051825
0.051935
0.051761
0.053427
0.051759
0.053403
0.050934
0.049910
0.052410
0.052394
0.052168
0.050294
0.051143
0.050734
0.046213
0.043828
0.046976
0.045704
0.044252
0.044142
0.044421
0.042738
0.042809
0.044499
0.043718
0.040351
0.041660
0.042811
0.044488
0.041794
0.040204
0.043357
0.042451
0.043264
0.043206
0.042292
0.042399
0.043054
0.042339
0.040780
0.040512
0.042352
0.041415
0.043081
0.042184
0.043086
0.042985
0.040525
0.041325
0.042177
0.041281
0.042128
0.039677
0.041285
0.040461
0.038773
0.041274
0.042113
0.042964
0.041251
0.041288
0.042934
0.041249
0.041257
0.039580
0.043751
0.040407
