0.287485
0.079859
0.062440
0.062712
0.062712
0.062712
0.062556
0.062596
0.062635
0.062517
0.062283
0.062201
0.062325
0.061773
0.062283
0.061855
0.061028
0.061459
0.061526
0.061183
0.059764
0.057936
0.059599
0.056765
0.055383
0.055143
0.054922
0.053936
0.053901
0.052120
0.053087
0.052370
0.053697
0.053786
0.053585
0.052873
0.052804
0.052721
0.052671
0.050204
0.051384
0.052403
0.052849
0.051994
0.051558
0.052611
0.051699
0.052365
0.052655
0.050353
0.051121
0.051062
0.050731
0.050471
0.050533
0.049032
0.049619
0.049090
0.048386
0.048946
0.050170
0.048597
0.048830
0.046521
0.046351
0.049318
0.047745
0.051554
0.049544
0.052155
0.049291
0.051277
0.049084
0.048950
0.047856
0.045872
0.046482
0.046962
0.046503
0.046591
0.045619
0.045603
0.047107
0.045820
0.046533
0.044722
0.047197
0.044867
0.045580
0.043014
0.044490
0.045401
0.045303
0.046843
0.046582
0.046175
0.046133
0.046119
0.044325
0.044455
0.044943
0.045471
0.044768
0.043492
0.043788
0.041933
0.044837
0.043570
0.041961
0.043423
0.041041
0.041333
0.043442
0.041630
0.041759
0.038968
0.042028
0.043881
0.043575
0.043575
0.041038
0.041900
0.041817
0.041814
0.040366
0.040152
0.042950
0.042020
0.042942
0.043365
0.041905
0.042503
0.044154
0.043500
0.042468
0.041629
0.044151
0.042492
0.041746
0.042401
0.040757
0.041593
0.041578
0.042400
0.042433
0.041594
0.042402
0.041540
0.043225
0.043229
