0.367078
0.244512
0.181031
0.122112
0.063951
0.054027
0.048265
0.044888
0.042354
0.039302
0.038725
0.036499
0.039100
0.033276
0.030990
0.030132
0.028400
0.029238
0.027471
0.027563
0.027724
0.026111
0.032034
0.028432
0.027550
0.023059
0.027626
0.024016
0.024657
0.023854
0.023190
0.021393
0.018756
0.019181
0.018769
0.017081
0.015153
0.015668
0.016061
0.015245
0.013433
0.013704
0.014805
0.014923
0.013123
0.018131
0.014223
0.012793
0.011054
0.011466
0.011116
0.010951
0.012939
0.011720
0.011021
0.011725
0.010530
0.011316
0.009716
0.010414
0.009594
0.011133
0.012208
0.009476
0.011032
0.011036
0.010267
0.010867
0.010258
0.011862
0.009371
0.009257
0.012786
0.009303
0.011870
0.009339
0.010116
0.009216
0.010836
0.010927
0.011032
0.010895
0.010931
0.010911
0.010053
0.010909
0.010830
0.009996
0.010068
0.011697
0.010016
0.009116
0.009922
0.009965
0.011638
0.009943
0.010749
0.010800
0.009100
0.013262
0.011615
0.013291
0.009076
0.010749
0.009073
0.009904
0.009067
0.009899
0.010772
0.010769
0.009876
0.009921
0.009897
0.009891
0.009899
0.010715
0.009895
0.011593
0.009933
0.010731
0.009040
0.009061
0.009036
0.012390
0.009872
0.010719
0.009878
0.009869
0.009041
0.010724
0.009867
0.010708
0.009068
0.009031
0.010700
0.011556
0.012386
0.009058
0.009022
0.009039
0.011539
0.011553
0.011549
0.009881
0.009882
0.009021
0.009869
0.011535
0.011541
0.009887
