0.120000
0.190000
0.130000
0.175000
0.165000
0.170000
0.175000
0.175000
0.215000
0.190000
0.175000
0.185000
0.185000
0.235000
0.255000
0.280000
0.285000
0.290000
0.275000
0.265000
0.285000
0.315000
0.270000
0.315000
0.325000
0.355000
0.320000
0.350000
0.355000
0.340000
0.380000
0.380000
0.385000
0.405000
0.420000
0.400000
0.425000
0.440000
0.465000
0.470000
0.510000
0.510000
0.495000
0.570000
0.540000
0.545000
0.465000
0.530000
0.540000
0.640000
0.620000
0.510000
0.560000
0.510000
0.545000
0.535000
0.625000
0.590000
0.640000
0.670000
0.610000
0.675000
0.685000
0.645000
0.605000
0.660000
0.680000
0.705000
0.685000
0.680000
0.695000
0.745000
0.750000
0.740000
0.750000
0.705000
0.770000
0.765000
0.740000
0.795000
0.750000
0.860000
0.780000
0.830000
0.790000
0.790000
0.800000
0.765000
0.775000
0.805000
0.820000
0.780000
0.860000
0.850000
0.830000
0.840000
0.865000
0.840000
0.835000
0.885000
0.900000
0.895000
0.880000
0.890000
0.850000
0.835000
0.660000
0.745000
0.710000
0.765000
0.825000
0.770000
0.815000
0.835000
0.825000
0.900000
0.875000
0.885000
0.910000
0.880000
0.910000
0.915000
0.920000
0.925000
0.925000
0.930000
0.900000
0.880000
0.905000
0.920000
0.875000
0.820000
0.895000
0.875000
0.910000
0.890000
0.915000
0.930000
0.905000
0.935000
0.895000
0.880000
0.900000
0.910000
0.895000
0.920000
0.910000
0.940000
0.940000
0.910000
