0.160000
0.180000
0.160000
0.170000
0.180000
0.195000
0.185000
0.210000
0.220000
0.215000
0.240000
0.260000
0.265000
0.250000
0.260000
0.270000
0.260000
0.270000
0.270000
0.290000
0.335000
0.260000
0.280000
0.320000
0.315000
0.300000
0.360000
0.335000
0.360000
0.310000
0.400000
0.375000
0.385000
0.365000
0.435000
0.400000
0.455000
0.420000
0.425000
0.435000
0.465000
0.475000
0.465000
0.490000
0.490000
0.515000
0.540000
0.500000
0.495000
0.555000
0.530000
0.555000
0.470000
0.470000
0.490000
0.555000
0.590000
0.540000
0.610000
0.480000
0.565000
0.585000
0.615000
0.615000
0.605000
0.615000
0.625000
0.705000
0.685000
0.595000
0.595000
0.520000
0.565000
0.620000
0.640000
0.615000
0.680000
0.760000
0.730000
0.800000
0.780000
0.815000
0.835000
0.795000
0.780000
0.790000
0.825000
0.805000
0.780000
0.730000
0.755000
0.790000
0.795000
0.785000
0.825000
0.845000
0.840000
0.785000
0.880000
0.855000
0.875000
0.875000
0.885000
0.865000
0.825000
0.830000
0.845000
0.825000
0.875000
0.880000
0.845000
0.845000
0.810000
0.850000
0.835000
0.865000
0.850000
0.880000
0.855000
0.870000
0.890000
0.890000
0.895000
0.845000
0.885000
0.850000
0.905000
0.910000
0.910000
0.905000
0.905000
0.940000
0.920000
0.915000
0.935000
0.900000
0.925000
0.915000
0.925000
0.880000
0.915000
0.870000
0.925000
0.935000
0.930000
0.930000
0.940000
0.945000
0.925000
0.935000
