0.111296
0.062598
0.064260
0.062712
0.062478
0.062460
0.061886
0.060522
0.060858
0.060901
0.060010
0.058253
0.059026
0.059068
0.058509
0.058857
0.059077
0.057735
0.057674
0.058763
0.056571
0.059704
0.057873
0.054141
0.055015
0.054195
0.052782
0.052541
0.052116
0.059297
0.054632
0.054699
0.054309
0.051493
0.051605
0.050224
0.047891
0.048852
0.048396
0.045076
0.042075
0.047945
0.046050
0.043968
0.042197
0.045844
0.040824
0.044899
0.043914
0.039934
0.043183
0.043909
0.047568
0.042356
0.041673
0.037961
0.037569
0.042000
0.038043
0.042519
0.037276
0.037109
0.035485
0.036865
0.034649
0.034075
0.032252
0.028535
0.032940
0.036168
0.039797
0.041157
0.037043
0.033169
0.032394
0.035235
0.027242
0.028363
0.025565
0.020487
0.021937
0.020728
0.020826
0.019688
0.018504
0.023070
0.016306
0.018784
0.024957
0.026233
0.020621
0.017717
0.017503
0.016930
0.015740
0.016321
0.018477
0.022504
0.013746
0.014488
0.014475
0.011754
0.014510
0.018278
0.018734
0.017593
0.016456
0.016718
0.012948
0.014184
0.013139
0.016652
0.019782
0.017430
0.016894
0.013148
0.015593
0.012774
0.013676
0.013099
0.013561
0.010864
0.012784
0.012324
0.012870
0.013467
0.011025
0.008975
0.008095
0.009761
0.008799
0.006837
0.008441
0.006468
0.008099
0.008785
0.006395
0.009698
0.009716
0.010551
0.011486
0.012001
0.007951
0.007032
0.006741
0.006863
0.008111
0.006487
0.007256
0.006868
