0.120118
0.064987
0.063580
0.062455
0.063189
0.062223
0.060120
0.060845
0.059766
0.058832
0.060023
0.058912
0.057031
0.057003
0.057058
0.056749
0.055373
0.053436
0.057209
0.055943
0.058745
0.052686
0.056241
0.055123
0.054256
0.053888
0.057333
0.055322
0.055320
0.053645
0.053372
0.053062
0.054256
0.055232
0.055853
0.056857
0.056215
0.055935
0.057792
0.054745
0.054725
0.052895
0.053189
0.053869
0.055126
0.052363
0.050624
0.050708
0.049967
0.052836
0.051718
0.049952
0.049436
0.051844
0.051957
0.049435
0.046318
0.045847
0.046036
0.045707
0.045102
0.044576
0.043552
0.045311
0.043513
0.042297
0.043517
0.043905
0.042541
0.044725
0.045316
0.041816
0.038794
0.042924
0.040055
0.041453
0.045664
0.042589
0.039416
0.039306
0.037925
0.045206
0.039031
0.041401
0.043387
0.039369
0.036890
0.036177
0.037826
0.039388
0.034347
0.036068
0.036211
0.037654
0.039916
0.038536
0.038050
0.038023
0.035456
0.035704
0.032352
0.035536
0.031596
0.034802
0.034661
0.033972
0.034752
0.031155
0.032382
0.036964
0.034222
0.032674
0.033546
0.035409
0.032105
0.031928
0.028779
0.030095
0.030791
0.029947
0.026772
0.026375
0.028923
0.021612
0.019686
0.020325
0.019418
0.020172
0.017362
0.013596
0.016888
0.020977
0.023783
0.031143
0.022692
0.020571
0.016246
0.015069
0.014413
0.020629
0.020548
0.023912
0.022523
0.021224
0.016193
0.014800
0.014549
0.013920
0.017495
0.025781
