0.117835
0.066642
0.063816
0.062182
0.062505
0.063052
0.061037
0.062201
0.060683
0.060204
0.060417
0.059893
0.062055
0.058821
0.057113
0.056960
0.054987
0.053427
0.053701
0.057152
0.055157
0.055052
0.055301
0.052155
0.050571
0.049764
0.048989
0.049520
0.050561
0.051813
0.050556
0.050039
0.050809
0.047809
0.048577
0.055342
0.047230
0.048200
0.049337
0.044928
0.044178
0.045506
0.040342
0.042463
0.042984
0.042188
0.042904
0.042810
0.044019
0.037175
0.034734
0.047960
0.033975
0.044821
0.042260
0.040854
0.039198
0.043864
0.031952
0.030988
0.038387
0.030153
0.027127
0.035514
0.031087
0.030486
0.028360
0.025616
0.027216
0.027096
0.025340
0.021771
0.021796
0.022894
0.023537
0.025447
0.020473
0.019867
0.022848
0.017141
0.020054
0.014900
0.017126
0.016857
0.017025
0.018199
0.023822
0.020233
0.016526
0.015528
0.015685
0.018944
0.014775
0.015801
0.016173
0.013914
0.012339
0.016518
0.013760
0.010620
0.010091
0.011680
0.012224
0.011275
0.012724
0.016526
0.038306
0.029831
0.029303
0.020373
0.016601
0.020240
0.019729
0.014542
0.014534
0.011195
0.010396
0.010659
0.009087
0.010593
0.008933
0.010073
0.008352
0.007186
0.008423
0.009699
0.010135
0.010598
0.009547
0.011778
0.013314
0.019791
0.012295
0.010697
0.009799
0.008909
0.007294
0.007765
0.006942
0.008876
0.011147
0.011759
0.008614
0.010577
0.011853
0.007949
0.007524
0.006046
0.007427
0.009063
