0.173304
0.068159
0.062712
0.062712
0.062712
0.062712
0.062712
0.062712
0.062712
0.062712
0.062595
0.062597
0.062365
0.064593
0.062751
0.062326
0.061975
0.062518
0.061934
0.062484
0.062487
0.062173
0.061746
0.061991
0.061991
0.061419
0.061423
0.060744
0.061533
0.058942
0.059176
0.059474
0.058580
0.057248
0.060016
0.059644
0.058093
0.057164
0.057936
0.058469
0.058820
0.057905
0.057166
0.056684
0.054249
0.055900
0.055264
0.054428
0.056011
0.055675
0.055558
0.052235
0.052379
0.052096
0.052593
0.051361
0.056092
0.054926
0.055962
0.054364
0.054002
0.051242
0.051702
0.050770
0.049825
0.048958
0.052902
0.047861
0.047150
0.045386
0.043989
0.045317
0.045256
0.043966
0.041646
0.040921
0.040953
0.043490
0.039341
0.038387
0.038770
0.041659
0.033224
0.034220
0.036853
0.035635
0.039326
0.043573
0.040422
0.040421
0.037086
0.042996
0.036844
0.035525
0.035920
0.032256
0.028951
0.030486
0.031128
0.028045
0.034114
0.030268
0.029623
0.030600
0.027996
0.032664
0.025725
0.028322
0.028382
0.029564
0.028083
0.031725
0.036292
0.035480
0.033802
0.035793
0.027689
0.037879
0.029301
0.027423
0.033406
0.024941
0.025946
0.021682
0.025560
0.026166
0.023712
0.025321
0.022322
0.021892
0.018621
0.021709
0.021083
0.023507
0.022158
0.019193
0.021687
0.022110
0.020575
0.019520
0.022285
0.017908
0.017801
0.021118
0.018136
0.020432
0.021102
0.018773
0.012498
0.016512
