0.092526
0.062791
0.062796
0.062842
0.062677
0.061812
0.061165
0.062363
0.061972
0.061410
0.060801
0.060435
0.060873
0.058708
0.058783
0.057400
0.060111
0.058482
0.060398
0.057077
0.059375
0.057927
0.058508
0.056567
0.057003
0.057326
0.056725
0.058262
0.055335
0.054894
0.055848
0.053878
0.054029
0.052533
0.050868
0.051828
0.053614
0.047836
0.047556
0.051109
0.052959
0.050076
0.048997
0.045459
0.049001
0.049953
0.050048
0.042132
0.042742
0.042252
0.043150
0.040398
0.044804
0.042980
0.039062
0.047532
0.039950
0.040938
0.039548
0.041775
0.040096
0.039140
0.039385
0.033372
0.035353
0.034664
0.032128
0.033432
0.030268
0.034594
0.036006
0.031252
0.029136
0.037747
0.032903
0.028047
0.027024
0.027853
0.022158
0.023855
0.028430
0.028095
0.026566
0.023686
0.020922
0.021490
0.021205
0.023420
0.020553
0.018523
0.018998
0.017643
0.021065
0.020576
0.020420
0.018662
0.018572
0.016686
0.015374
0.015894
0.015429
0.018550
0.014515
0.012850
0.017540
0.016599
0.016237
0.015718
0.015485
0.017866
0.015529
0.020004
0.015192
0.022724
0.014804
0.012987
0.012923
0.010818
0.010532
0.012860
0.013532
0.013060
0.019480
0.016460
0.013578
0.013885
0.011685
0.010518
0.011758
0.011156
0.008798
0.009780
0.009240
0.008465
0.020296
0.017213
0.014305
0.012017
0.011659
0.010925
0.014214
0.011727
0.010573
0.008775
0.007466
0.007616
0.006425
0.005987
0.006778
0.006731
