0.121797
0.073254
0.062951
0.063356
0.062525
0.061162
0.058703
0.059390
0.058739
0.057467
0.057785
0.055080
0.054985
0.054169
0.052547
0.052232
0.053128
0.051260
0.047819
0.050133
0.051236
0.051665
0.054073
0.051704
0.053014
0.049847
0.049629
0.044263
0.048495
0.048295
0.047347
0.049412
0.049009
0.044858
0.044800
0.038977
0.043359
0.042176
0.042160
0.041426
0.040305
0.040986
0.047712
0.050374
0.048501
0.042535
0.041392
0.038889
0.037025
0.043963
0.039401
0.035848
0.028639
0.029636
0.030382
0.030073
0.032587
0.027610
0.027872
0.027558
0.024755
0.027360
0.025571
0.026081
0.021521
0.021366
0.020642
0.022430
0.026828
0.025138
0.024048
0.024827
0.025014
0.024910
0.025399
0.022420
0.018929
0.019318
0.020815
0.023863
0.020473
0.016519
0.018626
0.022719
0.016785
0.020566
0.019953
0.019578
0.019017
0.021185
0.019540
0.019049
0.017102
0.014876
0.017974
0.013765
0.016590
0.016229
0.019712
0.017182
0.012674
0.010777
0.013263
0.015727
0.014672
0.012788
0.012304
0.009106
0.007722
0.006192
0.007660
0.007575
0.011069
0.009888
0.011161
0.008615
0.011129
0.008282
0.008658
0.008632
0.007615
0.008627
0.012269
0.007655
0.004938
0.005512
0.006495
0.006407
0.005886
0.005594
0.006111
0.004326
0.004732
0.005046
0.003724
0.005582
0.005297
0.009195
0.006926
0.006978
0.004999
0.004163
0.004229
0.003202
0.003596
0.003820
0.004016
0.003383
0.003630
0.005147
