0.075702
0.068697
0.068608
0.068959
0.065143
0.067600
0.063167
0.061099
0.061841
0.059638
0.061348
0.059310
0.056912
0.055122
0.058727
0.054404
0.055234
0.053287
0.052719
0.050628
0.047174
0.045763
0.039756
0.042569
0.043869
0.037088
0.039403
0.035904
0.033298
0.033688
0.027239
0.030766
0.032244
0.026467
0.028008
0.022008
0.024476
0.022822
0.024658
0.028421
0.032338
0.034645
0.022327
0.023237
0.016793
0.015798
0.017391
0.010003
0.010814
0.005521
0.006906
0.006671
0.007765
0.009771
0.006211
0.004090
0.003711
0.005229
0.003228
0.007321
0.001652
0.004482
0.001155
0.002865
0.002478
0.002012
0.002388
0.001435
0.004906
0.002217
0.001545
0.003351
0.000484
0.001606
0.001569
0.001378
0.000552
0.004359
0.005507
0.004166
0.005938
0.005002
0.005512
0.015003
0.034259
0.017879
0.011521
0.010791
0.007185
0.002077
0.009720
0.004646
0.006367
0.003276
0.010986
0.002098
0.003696
0.003723
0.001692
0.001152
0.003660
0.001633
0.002694
0.002248
0.003270
0.001088
0.002916
0.001406
0.002800
0.002340
0.001210
0.002822
0.000406
0.000949
0.001024
0.002744
0.000276
0.000233
0.000219
0.000191
0.000302
0.000408
0.000390
0.000238
0.000315
0.000205
0.000141
0.000129
0.000093
0.000118
0.000068
0.000129
0.000072
0.000060
0.000122
0.000107
0.000080
0.000080
0.000232
0.000086
0.000064
0.000191
0.000043
0.000047
0.000058
0.000062
0.000069
0.000036
0.000024
0.000052
