0.079034
0.078261
0.071815
0.071924
0.065257
0.065965
0.063005
0.066801
0.059075
0.057909
0.053545
0.055037
0.054485
0.050940
0.051487
0.052394
0.048872
0.046203
0.044921
0.047649
0.042640
0.041399
0.041843
0.040047
0.041941
0.038705
0.034490
0.032411
0.030044
0.032369
0.025749
0.026133
0.023121
0.020829
0.025651
0.028736
0.049644
0.024927
0.033741
0.023380
0.023062
0.031702
0.018687
0.026777
0.021209
0.015488
0.023019
0.021025
0.013161
0.017737
0.015901
0.010537
0.011207
0.010443
0.014809
0.008552
0.011203
0.007437
0.008118
0.005355
0.006207
0.006198
0.003783
0.007006
0.007088
0.007113
0.008418
0.004968
0.006831
0.003718
0.004905
0.003868
0.001928
0.002322
0.001444
0.001378
0.002029
0.002352
0.002054
0.001855
0.003053
0.000629
0.005003
0.001116
0.002042
0.000846
0.007281
0.000561
0.010293
0.001105
0.006485
0.002911
0.001291
0.001113
0.004238
0.001262
0.002218
0.000665
0.004046
0.003013
0.009233
0.001597
0.001016
0.004239
0.001596
0.001456
0.002714
0.002127
0.001020
0.000593
0.000780
0.000390
0.000227
0.000510
0.000349
0.000325
0.000310
0.000296
0.000427
0.000290
0.000265
0.000288
0.000190
0.000198
0.000144
0.000111
0.000259
0.000209
0.000447
0.000102
0.000158
0.000639
0.000115
0.000204
0.000168
0.000146
0.000418
0.000071
0.000049
0.000050
0.000078
0.000124
0.000083
0.000052
0.000034
0.000022
0.000055
0.000057
0.000036
0.000048
