0.073019
0.068598
0.069214
0.069243
0.067177
0.067007
0.063770
0.065357
0.065463
0.065357
0.060768
0.064028
0.062223
0.063889
0.060586
0.058126
0.062200
0.057896
0.055100
0.056225
0.054852
0.053715
0.052622
0.051408
0.053364
0.052093
0.052879
0.048367
0.047026
0.044870
0.048649
0.051433
0.046739
0.046221
0.047381
0.042212
0.046359
0.039197
0.046058
0.039391
0.039289
0.037788
0.039047
0.039173
0.042978
0.040961
0.036211
0.039505
0.037222
0.041260
0.038609
0.031378
0.032864
0.032263
0.027227
0.031867
0.025932
0.027557
0.022237
0.023105
0.021668
0.021621
0.018788
0.018574
0.013221
0.012434
0.016555
0.010233
0.009266
0.010933
0.012757
0.010881
0.010698
0.009237
0.006064
0.011166
0.009874
0.004832
0.005022
0.004927
0.004043
0.003451
0.004053
0.002590
0.002883
0.002787
0.001920
0.003134
0.002133
0.002102
0.003387
0.001675
0.005435
0.002988
0.002988
0.001955
0.007597
0.002459
0.002124
0.003538
0.002137
0.002517
0.000894
0.001099
0.000906
0.001050
0.002151
0.003336
0.001308
0.001113
0.001671
0.000453
0.000488
0.000378
0.000865
0.000335
0.000266
0.000187
0.000376
0.000142
0.000170
0.000468
0.000345
0.001439
0.001386
0.000703
0.000210
0.002563
0.002431
0.001298
0.000982
0.000682
0.002245
0.000778
0.001991
0.000810
0.001172
0.003436
0.004365
0.000789
0.001573
0.002939
0.003763
0.005003
0.005160
0.004433
0.003999
0.001304
0.001260
0.001140
