0.081605
0.071670
0.071670
0.071670
0.071670
0.071670
0.071670
0.070507
0.070096
0.071670
0.072988
0.071098
0.070411
0.071025
0.068813
0.070012
0.068185
0.068884
0.068185
0.066835
0.067236
0.065434
0.067797
0.068131
0.068026
0.066251
0.064291
0.065838
0.061302
0.065767
0.060767
0.063539
0.060147
0.063114
0.062676
0.061817
0.061369
0.058921
0.059777
0.056242
0.057304
0.053626
0.052190
0.055640
0.055365
0.050970
0.056558
0.051385
0.054923
0.052072
0.054013
0.048646
0.049273
0.048282
0.046427
0.049014
0.047919
0.046553
0.043279
0.045673
0.045548
0.038063
0.042724
0.040950
0.040754
0.036094
0.040849
0.033803
0.036899
0.041246
0.033033
0.044754
0.032376
0.038762
0.033762
0.026369
0.024886
0.022939
0.029034
0.032802
0.018980
0.019475
0.019881
0.016791
0.020597
0.018524
0.021615
0.039828
0.025087
0.032986
0.015494
0.026420
0.019971
0.032234
0.022443
0.015113
0.037754
0.020988
0.017739
0.020464
0.025352
0.012189
0.013344
0.011763
0.010716
0.010195
0.006597
0.006855
0.005826
0.008459
0.004680
0.006295
0.008324
0.004268
0.006157
0.003339
0.004604
0.004855
0.006430
0.006975
0.005240
0.003783
0.002578
0.003442
0.003627
0.002717
0.001542
0.003887
0.002280
0.001588
0.000910
0.002261
0.001565
0.001465
0.001238
0.001983
0.001717
0.000933
0.004683
0.001937
0.002587
0.008862
0.004651
0.021592
0.004511
0.032273
0.015584
0.018968
0.015710
0.020351
