0.078261
0.071123
0.069464
0.074903
0.070529
0.071670
0.071670
0.070996
0.070495
0.070612
0.068869
0.070839
0.070371
0.070349
0.070217
0.070349
0.067306
0.069660
0.068548
0.067749
0.068088
0.067901
0.065947
0.066271
0.069008
0.066685
0.065584
0.065727
0.066339
0.064816
0.064600
0.063894
0.063444
0.065042
0.063980
0.061209
0.066747
0.063438
0.062580
0.064667
0.063432
0.064435
0.061693
0.062552
0.058881
0.062962
0.061467
0.058120
0.058848
0.062422
0.059042
0.059212
0.062209
0.055780
0.055725
0.058547
0.059790
0.056752
0.053711
0.054155
0.054615
0.050123
0.050224
0.051486
0.064339
0.056151
0.054121
0.058404
0.058173
0.055219
0.056339
0.050807
0.050493
0.046732
0.050055
0.048842
0.050140
0.046170
0.048935
0.046513
0.051480
0.051442
0.049744
0.047653
0.053404
0.047694
0.052462
0.052036
0.052842
0.067241
0.066625
0.061752
0.057866
0.054657
0.053471
0.054157
0.048440
0.048256
0.045347
0.047371
0.050584
0.037671
0.031217
0.034096
0.034774
0.035519
0.030532
0.027164
0.029121
0.031762
0.022328
0.025960
0.027866
0.022382
0.033811
0.023167
0.027976
0.025589
0.015003
0.018256
0.023418
0.018955
0.015694
0.018802
0.011089
0.014201
0.012708
0.015027
0.014279
0.017781
0.016181
0.014357
0.021851
0.011921
0.013725
0.011980
0.009896
0.013013
0.013823
0.011290
0.006211
0.007034
0.008070
0.005869
0.006040
0.006810
0.006107
0.004053
0.005006
0.004951
