0.089312
0.070148
0.071360
0.071670
0.072108
0.072352
0.068602
0.068925
0.067347
0.066194
0.068542
0.065736
0.064200
0.066454
0.061806
0.065489
0.062092
0.063114
0.061042
0.059372
0.057531
0.057368
0.057985
0.057300
0.055946
0.054627
0.056935
0.055310
0.052723
0.054865
0.053194
0.052926
0.050756
0.051143
0.052002
0.049303
0.052411
0.046492
0.046496
0.045778
0.047660
0.046037
0.042323
0.043354
0.044113
0.047863
0.040233
0.045849
0.041547
0.043306
0.045615
0.044263
0.040671
0.043004
0.046656
0.042952
0.045400
0.038814
0.040771
0.045185
0.039656
0.041537
0.041516
0.039874
0.039651
0.036524
0.043210
0.033765
0.028305
0.028722
0.031011
0.026104
0.026657
0.021731
0.027856
0.018452
0.027096
0.013418
0.015532
0.019103
0.010288
0.013690
0.022182
0.014596
0.020165
0.021030
0.014296
0.014176
0.010578
0.009645
0.023258
0.010543
0.013538
0.011772
0.016103
0.008880
0.017262
0.006759
0.013187
0.008360
0.009438
0.006040
0.009801
0.008387
0.005351
0.005598
0.006430
0.009713
0.004129
0.009162
0.004065
0.006684
0.004166
0.004322
0.003731
0.002545
0.005044
0.002637
0.002599
0.003391
0.004630
0.002139
0.001661
0.002733
0.001499
0.005234
0.003475
0.002604
0.003426
0.008115
0.001255
0.001235
0.001517
0.001659
0.001611
0.000782
0.001292
0.001117
0.001298
0.000779
0.001017
0.000591
0.000387
0.000635
0.000895
0.000545
0.001116
0.000579
0.000614
0.000575
