0.074573
0.072780
0.071675
0.071670
0.072108
0.072392
0.071617
0.073252
0.073240
0.071149
0.069065
0.070183
0.068759
0.068770
0.073653
0.069960
0.068060
0.068691
0.067320
0.067670
0.068946
0.068050
0.063603
0.061660
0.066205
0.065445
0.059923
0.064364
0.059368
0.061301
0.059453
0.056017
0.060595
0.060287
0.061692
0.055442
0.053780
0.059697
0.055513
0.054265
0.054214
0.063002
0.057277
0.056332
0.057446
0.055355
0.050832
0.046783
0.057650
0.053726
0.045910
0.047196
0.046732
0.052930
0.044136
0.045635
0.045434
0.044793
0.043666
0.050141
0.049323
0.045444
0.044522
0.037491
0.035108
0.037462
0.038107
0.037299
0.036605
0.028952
0.033117
0.031363
0.032922
0.029117
0.029849
0.027201
0.029269
0.025154
0.026106
0.029854
0.024071
0.021317
0.027709
0.019316
0.024131
0.027688
0.021550
0.031632
0.029412
0.023740
0.032032
0.032021
0.031484
0.020633
0.025855
0.032960
0.023943
0.013307
0.020885
0.018180
0.014552
0.019043
0.017367
0.025950
0.016263
0.009908
0.020452
0.011800
0.018973
0.017198
0.017422
0.016199
0.009327
0.010756
0.017127
0.018308
0.013379
0.019987
0.014171
0.011776
0.009305
0.017551
0.018220
0.026143
0.011465
0.020429
0.008847
0.014563
0.012891
0.017839
0.008942
0.012500
0.008167
0.006876
0.007169
0.010032
0.004851
0.004935
0.004870
0.005808
0.005996
0.007593
0.004691
0.007624
0.004581
0.004473
0.007568
0.003396
0.006199
0.007075
