0.079200
0.073392
0.072467
0.074368
0.071670
0.071670
0.071670
0.071670
0.071670
0.071670
0.071670
0.071950
0.070801
0.071439
0.067778
0.067498
0.068832
0.069968
0.067831
0.066791
0.069925
0.065947
0.065106
0.064809
0.063672
0.064394
0.062116
0.065022
0.061416
0.066296
0.062271
0.064024
0.063877
0.064528
0.061059
0.064549
0.063772
0.065601
0.062909
0.063239
0.062784
0.063121
0.066336
0.061266
0.061266
0.065807
0.063208
0.063362
0.059427
0.063621
0.062146
0.058218
0.059825
0.057578
0.060828
0.054976
0.058493
0.059699
0.059468
0.056879
0.052043
0.057215
0.059941
0.054291
0.052640
0.052441
0.049508
0.049637
0.053263
0.047584
0.052155
0.050252
0.051237
0.049957
0.048643
0.046667
0.046697
0.045056
0.047829
0.045385
0.045978
0.049189
0.046080
0.046145
0.053366
0.052044
0.040410
0.046372
0.041257
0.045014
0.047279
0.042770
0.041721
0.043591
0.035109
0.039602
0.050591
0.038671
0.046240
0.038426
0.047904
0.037686
0.041900
0.039969
0.035729
0.039267
0.034328
0.034347
0.036485
0.037024
0.035091
0.037199
0.036966
0.034672
0.030933
0.036397
0.026182
0.038615
0.030788
0.031858
0.029317
0.028509
0.027969
0.028187
0.026359
0.025381
0.029133
0.028793
0.030694
0.022199
0.025435
0.027073
0.027189
0.021253
0.025168
0.025904
0.021619
0.035040
0.038531
0.024721
0.029041
0.025422
0.029754
0.022667
0.030443
0.032524
0.027969
0.028894
0.022291
0.025780
