0.089982
0.080941
0.069589
0.069369
0.072964
0.070288
0.069336
0.069408
0.070329
0.067875
0.067235
0.067947
0.063856
0.065553
0.054054
0.061783
0.056371
0.055498
0.054010
0.054112
0.048126
0.052943
0.047449
0.051779
0.047139
0.043861
0.046689
0.045632
0.046323
0.038681
0.042907
0.039864
0.038488
0.038791
0.036273
0.039965
0.042519
0.039255
0.048922
0.035695
0.044375
0.052723
0.041223
0.036419
0.041746
0.036635
0.030437
0.035156
0.038361
0.032738
0.034230
0.026507
0.034311
0.035332
0.027630
0.026603
0.030693
0.033484
0.029559
0.027293
0.026309
0.027931
0.026134
0.029001
0.030456
0.027140
0.024073
0.030683
0.024787
0.020799
0.026401
0.023082
0.027327
0.024086
0.017241
0.022605
0.018331
0.014269
0.025516
0.021720
0.023595
0.020293
0.027888
0.020800
0.023913
0.016834
0.019420
0.014769
0.016928
0.016504
0.019711
0.010960
0.012173
0.018676
0.010278
0.017901
0.013920
0.010936
0.009122
0.009296
0.010610
0.011213
0.015754
0.009221
0.008033
0.010139
0.009005
0.013990
0.030210
0.011669
0.022253
0.009189
0.016121
0.011960
0.013148
0.013822
0.017456
0.015142
0.010106
0.006234
0.008656
0.006172
0.004938
0.005418
0.005803
0.006444
0.004500
0.003765
0.004497
0.004450
0.003515
0.006288
0.004788
0.002904
0.004899
0.004289
0.008034
0.006660
0.005835
0.002940
0.004484
0.006136
0.002892
0.011950
0.001410
0.002568
0.005260
0.009962
0.004689
0.002321
