0.085526
0.071670
0.071119
0.069820
0.068903
0.068981
0.071094
0.068710
0.067948
0.066256
0.066558
0.063926
0.065690
0.066790
0.062098
0.064366
0.065912
0.064913
0.061774
0.063642
0.064937
0.063955
0.059570
0.062131
0.060685
0.062030
0.061461
0.064817
0.063427
0.060392
0.059331
0.061217
0.060890
0.061221
0.062524
0.060973
0.062935
0.060250
0.061583
0.058861
0.061422
0.059481
0.061996
0.060227
0.062513
0.063542
0.060709
0.062599
0.066043
0.062922
0.062009
0.062880
0.062141
0.060876
0.056139
0.062723
0.065223
0.059282
0.053969
0.054793
0.055978
0.057030
0.055547
0.056946
0.054014
0.053178
0.056494
0.057260
0.054690
0.054689
0.053895
0.053496
0.052703
0.049269
0.043530
0.045156
0.044888
0.038862
0.042066
0.041183
0.037520
0.038755
0.038081
0.033513
0.036673
0.041688
0.027050
0.033912
0.041704
0.040591
0.038725
0.033228
0.041172
0.037378
0.034618
0.041923
0.028734
0.026755
0.034705
0.025445
0.034462
0.026914
0.030044
0.027281
0.026459
0.027507
0.019338
0.030411
0.023176
0.025648
0.020596
0.018913
0.019476
0.020065
0.020146
0.018749
0.016665
0.023018
0.016457
0.016901
0.016874
0.014462
0.014161
0.017692
0.016909
0.014991
0.010478
0.014866
0.015626
0.015626
0.011937
0.012984
0.013014
0.011717
0.012987
0.020941
0.014088
0.014598
0.014260
0.013091
0.024256
0.010357
0.018771
0.018404
0.020897
0.016193
0.016925
0.014785
0.013596
0.016132
