0.074547
0.078059
0.071990
0.070839
0.071950
0.071119
0.072120
0.071878
0.070906
0.068341
0.068066
0.067029
0.069996
0.067191
0.061585
0.061418
0.060894
0.059107
0.060292
0.058522
0.058318
0.062435
0.060220
0.063462
0.059130
0.058635
0.055445
0.054194
0.055283
0.053290
0.057147
0.057227
0.057125
0.053008
0.058331
0.053784
0.052351
0.053811
0.054812
0.054650
0.050243
0.049699
0.048976
0.048822
0.045421
0.047793
0.046719
0.051743
0.048993
0.051942
0.046558
0.049078
0.049956
0.043623
0.040092
0.045301
0.044000
0.048893
0.046774
0.047466
0.044731
0.044742
0.047669
0.042207
0.043921
0.044550
0.043881
0.038886
0.039595
0.044562
0.042756
0.035311
0.029830
0.037141
0.034798
0.036270
0.031908
0.034075
0.039399
0.032918
0.032218
0.038994
0.034661
0.037561
0.044655
0.037870
0.041437
0.035888
0.036984
0.030518
0.040584
0.032607
0.030364
0.032232
0.029555
0.030800
0.029261
0.023980
0.017835
0.024842
0.017648
0.026494
0.020724
0.022740
0.020818
0.015362
0.016488
0.015051
0.014045
0.018007
0.024636
0.013945
0.018995
0.014742
0.026408
0.011854
0.042385
0.027302
0.021782
0.027486
0.020837
0.017742
0.020855
0.018289
0.016813
0.019193
0.011293
0.018407
0.016493
0.011375
0.019557
0.012435
0.010400
0.016229
0.009889
0.016172
0.008161
0.011732
0.019156
0.010231
0.014745
0.011839
0.006973
0.006801
0.010624
0.008926
0.007078
0.014539
0.013030
0.013708
