0.082858
0.079628
0.068810
0.071606
0.072041
0.068679
0.068129
0.064392
0.062534
0.066356
0.059593
0.060221
0.060736
0.061329
0.061223
0.062205
0.057090
0.058498
0.056617
0.057040
0.053495
0.058297
0.056811
0.056351
0.053218
0.054279
0.052166
0.048082
0.051165
0.050880
0.050976
0.052212
0.052285
0.048857
0.049446
0.042584
0.048694
0.048385
0.048327
0.046281
0.043206
0.044940
0.044860
0.044883
0.035690
0.035017
0.039693
0.033624
0.038001
0.035467
0.032912
0.030215
0.036372
0.031733
0.030933
0.024686
0.025267
0.029318
0.025187
0.023460
0.026415
0.021513
0.022141
0.025752
0.024215
0.019432
0.019053
0.017768
0.018045
0.015863
0.016589
0.018209
0.016445
0.012886
0.015414
0.020335
0.015566
0.019060
0.018969
0.012616
0.018355
0.025207
0.018746
0.020165
0.017125
0.013622
0.014045
0.017475
0.017102
0.023000
0.013434
0.027121
0.016547
0.017512
0.014050
0.016467
0.010229
0.010627
0.012526
0.014248
0.012195
0.007979
0.011328
0.012342
0.007456
0.009802
0.009756
0.009079
0.018032
0.017386
0.019228
0.012784
0.025178
0.023828
0.017517
0.013943
0.016561
0.016568
0.013981
0.013478
0.012444
0.012353
0.015237
0.012293
0.010962
0.011638
0.008531
0.008549
0.008943
0.009299
0.009050
0.008786
0.008727
0.017153
0.006274
0.014418
0.007721
0.009520
0.014621
0.007306
0.004878
0.009818
0.007813
0.005490
0.006234
0.004830
0.009230
0.004974
0.007267
0.005203
