0.240000
0.245000
0.305000
0.195000
0.185000
0.185000
0.180000
0.190000
0.205000
0.215000
0.225000
0.245000
0.245000
0.245000
0.245000
0.245000
0.265000
0.270000
0.260000
0.270000
0.295000
0.310000
0.280000
0.290000
0.305000
0.310000
0.320000
0.325000
0.310000
0.345000
0.315000
0.335000
0.355000
0.345000
0.320000
0.355000
0.350000
0.380000
0.395000
0.395000
0.410000
0.395000
0.455000
0.470000
0.500000
0.540000
0.510000
0.515000
0.570000
0.510000
0.555000
0.635000
0.640000
0.645000
0.625000
0.635000
0.635000
0.645000
0.660000
0.665000
0.660000
0.660000
0.670000
0.670000
0.670000
0.670000
0.670000
0.695000
0.695000
0.760000
0.800000
0.715000
0.705000
0.750000
0.810000
0.780000
0.815000
0.835000
0.825000
0.820000
0.815000
0.830000
0.825000
0.830000
0.830000
0.825000
0.835000
0.825000
0.835000
0.835000
0.830000
0.835000
0.830000
0.825000
0.830000
0.770000
0.785000
0.825000
0.825000
0.810000
0.830000
0.835000
0.835000
0.835000
0.835000
0.835000
0.835000
0.835000
0.835000
0.835000
0.835000
0.835000
0.835000
0.835000
0.835000
0.835000
0.835000
0.835000
0.835000
0.835000
0.835000
0.835000
0.835000
0.835000
0.835000
0.835000
0.835000
0.835000
0.835000
0.835000
0.835000
0.835000
0.835000
0.835000
0.835000
0.835000
0.835000
0.835000
0.835000
0.835000
0.835000
0.835000
0.835000
0.835000
0.835000
0.835000
0.835000
0.835000
0.835000
0.835000
