0.150000
0.145000
0.135000
0.195000
0.325000
0.370000
0.310000
0.325000
0.280000
0.275000
0.295000
0.350000
0.375000
0.355000
0.420000
0.440000
0.400000
0.380000
0.440000
0.420000
0.440000
0.460000
0.440000
0.455000
0.455000
0.465000
0.465000
0.440000
0.470000
0.465000
0.485000
0.500000
0.535000
0.485000
0.540000
0.535000
0.545000
0.545000
0.545000
0.565000
0.585000
0.580000
0.585000
0.580000
0.585000
0.595000
0.460000
0.410000
0.420000
0.460000
0.445000
0.450000
0.465000
0.325000
0.325000
0.415000
0.440000
0.540000
0.510000
0.525000
0.580000
0.610000
0.645000
0.660000
0.670000
0.690000
0.665000
0.710000
0.645000
0.715000
0.720000
0.725000
0.750000
0.765000
0.785000
0.780000
0.795000
0.800000
0.795000
0.805000
0.810000
0.810000
0.815000
0.815000
0.815000
0.815000
0.815000
0.815000
0.810000
0.805000
0.805000
0.810000
0.815000
0.815000
0.815000
0.815000
0.815000
0.815000
0.815000
0.815000
0.815000
0.815000
0.815000
0.815000
0.815000
0.815000
0.815000
0.815000
0.815000
0.815000
0.815000
0.815000
0.815000
0.815000
0.815000
0.815000
0.815000
0.815000
0.815000
0.815000
0.815000
0.815000
0.815000
0.815000
0.815000
0.815000
0.815000
0.815000
0.815000
0.815000
0.815000
0.815000
0.815000
0.815000
0.815000
0.815000
0.815000
0.815000
0.815000
0.815000
0.815000
0.815000
0.815000
0.815000
0.815000
0.815000
0.815000
0.815000
0.815000
0.815000
