0.155000
0.170000
0.150000
0.155000
0.155000
0.155000
0.155000
0.160000
0.165000
0.175000
0.185000
0.220000
0.225000
0.265000
0.275000
0.270000
0.315000
0.340000
0.365000
0.365000
0.330000
0.375000
0.360000
0.420000
0.360000
0.345000
0.435000
0.405000
0.435000
0.430000
0.455000
0.475000
0.465000
0.460000
0.415000
0.445000
0.470000
0.355000
0.315000
0.315000
0.315000
0.320000
0.320000
0.315000
0.320000
0.315000
0.320000
0.320000
0.320000
0.320000
0.320000
0.320000
0.320000
0.320000
0.320000
0.320000
0.320000
0.320000
0.320000
0.320000
0.320000
0.320000
0.320000
0.320000
0.320000
0.320000
0.320000
0.320000
0.320000
0.320000
0.320000
0.320000
0.320000
0.320000
0.320000
0.320000
0.320000
0.320000
0.320000
0.320000
0.320000
0.320000
0.320000
0.320000
0.320000
0.320000
0.320000
0.320000
0.320000
0.320000
0.320000
0.320000
0.320000
0.320000
0.320000
0.320000
0.320000
0.320000
0.320000
0.320000
0.320000
0.320000
0.320000
0.320000
0.320000
0.320000
0.320000
0.320000
0.320000
0.320000
0.320000
0.320000
0.320000
0.320000
0.320000
0.320000
0.320000
0.320000
0.320000
0.320000
0.320000
0.320000
0.320000
0.320000
0.320000
0.320000
0.320000
0.320000
0.320000
0.320000
0.320000
0.320000
0.320000
0.320000
0.320000
0.320000
0.320000
0.320000
0.320000
0.320000
0.320000
0.320000
0.320000
0.320000
0.315000
0.320000
0.320000
0.325000
0.325000
0.325000
