0.359594
0.089004
0.062712
0.062712
0.062712
0.062712
0.062712
0.062712
0.062712
0.062712
0.062712
0.062712
0.062712
0.062712
0.062712
0.062712
0.062712
0.062712
0.062712
0.062712
0.062595
0.062595
0.062712
0.062595
0.063024
0.062595
0.062712
0.062712
0.062712
0.062712
0.062712
0.062712
0.062712
0.062712
0.062712
0.062712
0.062712
0.062712
0.062712
0.062712
0.062712
0.062712
0.062712
0.062712
0.062712
0.062712
0.062712
0.062712
0.062712
0.062712
0.062712
0.062712
0.062595
0.062478
0.062170
0.061666
0.061218
0.059066
0.058154
0.056896
0.054899
0.055653
0.055733
0.055944
0.055613
0.055812
0.052790
0.054229
0.053423
0.054063
0.053395
0.053096
0.053214
0.054367
0.054507
0.053895
0.053878
0.053727
0.054258
0.054485
0.053343
0.053153
0.051128
0.050213
0.050398
0.052528
0.050938
0.051994
0.054107
0.055848
0.058740
0.057800
0.054072
0.053560
0.051581
0.052453
0.050654
0.051478
0.050856
0.050965
0.051060
0.049756
0.051290
0.050031
0.050579
0.051552
0.049336
0.049055
0.051015
0.049004
0.050099
0.050531
0.049983
0.048073
0.048945
0.050378
0.049664
0.048128
0.046776
0.048117
0.047869
0.047510
0.048335
0.048538
0.049862
0.051351
0.053474
0.058687
0.055943
0.056498
0.055262
0.054726
0.055109
0.053793
0.052277
0.053053
0.053257
0.052969
0.053886
0.052986
0.053015
0.052130
0.052974
0.052141
0.052963
0.053810
0.052143
0.051283
0.053799
0.052112
