0.351755
0.238280
0.148216
0.062913
0.062753
0.062634
0.060987
0.057233
0.053717
0.053867
0.051988
0.051925
0.052330
0.051401
0.051090
0.051642
0.050631
0.050564
0.049474
0.048628
0.050522
0.049758
0.049727
0.050546
0.047248
0.048798
0.048577
0.048322
0.049330
0.048851
0.048885
0.045966
0.047122
0.046817
0.048129
0.045861
0.046029
0.046531
0.046708
0.044941
0.041408
0.046612
0.043609
0.043402
0.042923
0.039374
0.040239
0.040598
0.038813
0.037062
0.033920
0.032442
0.028082
0.027408
0.027528
0.026663
0.025159
0.027189
0.024787
0.025010
0.024662
0.025386
0.022003
0.023266
0.023562
0.023659
0.021148
0.021057
0.023263
0.021574
0.021462
0.023366
0.020461
0.019827
0.022891
0.018097
0.018765
0.016650
0.015489
0.018349
0.017328
0.016553
0.017082
0.017487
0.014585
0.013358
0.015575
0.014846
0.012855
0.013352
0.014369
0.013343
0.012696
0.013045
0.012888
0.018750
0.016994
0.013584
0.014339
0.013362
0.013248
0.013790
0.011698
0.012186
0.010354
0.011259
0.011191
0.009848
0.011586
0.011575
0.010591
0.012244
0.011303
0.010491
0.011285
0.010378
0.011254
0.010438
0.009566
0.011225
0.010427
0.012036
0.010342
0.009508
0.009561
0.011309
0.011250
0.009461
0.009444
0.011937
0.010291
0.011134
0.010305
0.010308
0.009437
0.010259
0.010269
0.009410
0.011924
0.011078
0.010254
0.011104
0.011921
0.009402
0.010224
0.011876
0.011949
0.010221
0.009406
0.011864
