0.383087
0.129869
0.063140
0.062712
0.062712
0.062712
0.062712
0.062595
0.062714
0.062051
0.062200
0.061469
0.060005
0.057650
0.059126
0.058401
0.054935
0.055490
0.052003
0.052390
0.051717
0.051460
0.051744
0.051024
0.051243
0.052836
0.048071
0.049607
0.048844
0.047692
0.047355
0.047307
0.047178
0.047132
0.047583
0.047669
0.049266
0.051629
0.052889
0.053025
0.052114
0.052838
0.051961
0.052950
0.053634
0.051165
0.052731
0.052893
0.053634
0.053581
0.051925
0.053547
0.051118
0.051854
0.051130
0.051064
0.052698
0.051883
0.053525
0.051917
0.051844
0.053528
0.052736
0.052678
0.053547
0.053528
0.052687
0.053527
0.052691
0.052690
0.052673
0.051846
0.051848
0.053516
0.052680
0.052677
0.051831
0.052678
0.051844
0.053500
0.052696
0.051820
0.051017
0.052660
0.050987
0.052667
0.053500
0.051826
0.053498
0.051825
0.053501
0.051836
0.053495
0.052681
0.051817
0.053498
0.052666
0.052653
0.050988
0.052655
0.052652
0.052655
0.053487
0.051816
0.053490
0.050973
0.053488
0.053494
0.053488
0.052665
0.051806
0.051810
0.052648
0.052654
0.050133
0.052647
0.050980
0.051803
0.052653
0.052642
0.050969
0.051807
0.052649
0.052645
0.052645
0.052647
0.051803
0.053484
0.053483
0.051807
0.051804
0.051802
0.053481
0.052644
0.051808
0.052639
0.052641
0.053479
0.053490
0.052648
0.052641
0.053482
0.052643
0.050966
0.052766
0.053641
0.053507
0.051766
0.051764
0.052554
