0.331266
0.257355
0.178110
0.148585
0.120023
0.073633
0.059620
0.055874
0.057218
0.054862
0.054953
0.054855
0.054646
0.054296
0.052622
0.052027
0.051158
0.052064
0.051821
0.051301
0.051268
0.055852
0.052405
0.050443
0.051930
0.063825
0.052942
0.053132
0.052547
0.053516
0.052536
0.053259
0.052014
0.050792
0.051767
0.051407
0.049524
0.050436
0.050432
0.050345
0.051169
0.050906
0.048162
0.053009
0.051450
0.050768
0.052408
0.050913
0.052390
0.051413
0.052129
0.052275
0.051299
0.051357
0.052145
0.052882
0.050514
0.044243
0.043507
0.042047
0.041909
0.041551
0.041489
0.041036
0.041255
0.040563
0.041692
0.040999
0.039553
0.040133
0.036806
0.041071
0.039379
0.039375
0.039788
0.038515
0.038252
0.037273
0.038706
0.036957
0.038078
0.035087
0.036030
0.037118
0.037565
0.035481
0.034827
0.036091
0.034966
0.041200
0.035163
0.033082
0.037359
0.032128
0.031773
0.030263
0.030807
0.030711
0.030133
0.033312
0.029742
0.029442
0.030269
0.032774
0.029968
0.030502
0.030849
0.029974
0.028335
0.028775
0.032191
0.030523
0.032342
0.030947
0.030512
0.032829
0.031493
0.032494
0.030675
0.029300
0.031105
0.028054
0.026181
0.027358
0.028533
0.027851
0.025443
0.027199
0.027236
0.028338
0.024349
0.024776
0.026437
0.024724
0.024694
0.021916
0.021294
0.019125
0.017677
0.021256
0.019852
0.022825
0.020470
0.017673
0.021706
0.017174
0.017737
0.018615
0.019338
0.016138
