0.338668
0.298081
0.273949
0.285335
0.254488
0.179484
0.079694
0.062141
0.060793
0.058425
0.058221
0.057443
0.056815
0.051102
0.054282
0.051796
0.051429
0.053017
0.050679
0.050645
0.048068
0.045888
0.050531
0.048161
0.046178
0.048382
0.046191
0.047191
0.048924
0.047500
0.046762
0.046489
0.044358
0.045236
0.043628
0.045231
0.045423
0.044240
0.044324
0.042329
0.043713
0.041292
0.042018
0.041618
0.041031
0.041921
0.048685
0.050904
0.052033
0.049861
0.050739
0.050119
0.052285
0.054256
0.053508
0.049826
0.047675
0.046278
0.046366
0.044580
0.040590
0.039255
0.037383
0.034406
0.032852
0.033521
0.034985
0.032823
0.031847
0.028682
0.030013
0.029669
0.027114
0.026922
0.024368
0.026025
0.023586
0.026001
0.024392
0.025737
0.024360
0.023209
0.022198
0.022140
0.022621
0.023737
0.023446
0.023822
0.023322
0.023136
0.024916
0.024939
0.023922
0.023169
0.021560
0.022918
0.022047
0.023671
0.024556
0.020327
0.021938
0.021972
0.021046
0.021934
0.024349
0.024425
0.022690
0.020185
0.023470
0.022645
0.021793
0.021813
0.024298
0.021763
0.022602
0.022637
0.021740
0.021782
0.025072
0.022639
0.022592
0.024265
0.023481
0.020929
0.021708
0.020877
0.021756
0.021730
0.024239
0.023417
0.021685
0.021729
0.020885
0.023380
0.022543
0.021716
0.022560
0.024229
0.021722
0.024207
0.023386
0.021683
0.021674
0.023353
0.020832
0.023347
0.023336
0.020004
0.022500
0.023347
