0.152889
0.088566
0.072077
0.073362
0.070341
0.071203
0.071670
0.071670
0.071670
0.071670
0.070839
0.070465
0.070207
0.069457
0.071949
0.071365
0.067119
0.068113
0.070884
0.068672
0.065065
0.065286
0.064409
0.067234
0.065208
0.064213
0.063249
0.063172
0.065042
0.065467
0.064971
0.066775
0.069546
0.062823
0.065325
0.064595
0.061229
0.061294
0.062655
0.062848
0.062497
0.062651
0.060287
0.062438
0.062622
0.063520
0.059949
0.059745
0.061561
0.062773
0.061719
0.058856
0.060870
0.060400
0.059451
0.061309
0.062004
0.062726
0.058946
0.063175
0.061812
0.061552
0.063227
0.059750
0.061038
0.059420
0.059546
0.061079
0.059805
0.060170
0.059540
0.060122
0.060157
0.058447
0.061107
0.061180
0.060258
0.060181
0.060990
0.061014
0.058435
0.060123
0.060117
0.060160
0.061041
0.061069
0.061013
0.060139
0.060143
0.061852
0.060998
0.061005
0.061005
0.061000
0.060171
0.059272
0.059278
0.059250
0.059246
0.060119
0.059246
0.061857
0.060977
0.059276
0.060981
0.059247
0.061021
0.061004
0.059324
0.061005
0.062737
0.061017
0.061857
0.061854
0.060108
0.060106
0.060982
0.061855
0.060114
0.060119
0.060984
0.058367
0.060145
0.059244
0.060114
0.060986
0.060982
0.059245
0.060118
0.061852
0.060119
0.060998
0.060986
0.060980
0.059260
0.059261
0.059257
0.060122
0.060986
0.060981
0.061848
0.059237
0.061848
0.060121
0.058385
0.057514
0.061001
0.059243
0.059242
0.060984
