0.161923
0.137030
0.163468
0.130651
0.158113
0.135708
0.105270
0.111167
0.067239
0.076464
0.068595
0.068987
0.062333
0.055186
0.069876
0.053546
0.055402
0.051388
0.051089
0.050096
0.050665
0.054810
0.047777
0.048617
0.040580
0.048034
0.045762
0.043856
0.039414
0.037744
0.037980
0.033109
0.034503
0.033593
0.028950
0.032527
0.030780
0.030098
0.026772
0.026436
0.023454
0.023977
0.022780
0.022322
0.023247
0.021948
0.023163
0.023441
0.019350
0.026076
0.021501
0.023656
0.020880
0.020787
0.020172
0.021099
0.020762
0.020110
0.019170
0.016057
0.015923
0.017876
0.017338
0.017332
0.019081
0.019143
0.019491
0.014670
0.014962
0.018305
0.019250
0.016769
0.016750
0.014342
0.016673
0.017749
0.014864
0.017559
0.015710
0.015069
0.014785
0.015012
0.015558
0.014207
0.014525
0.014860
0.013200
0.014222
0.013154
0.012436
0.013956
0.011884
0.012844
0.014744
0.014330
0.009365
0.006707
0.009736
0.005854
0.004298
0.002278
0.015302
0.015927
0.011001
0.005672
0.005658
0.006198
0.006202
0.003724
0.003106
0.001432
0.003607
0.001403
0.001947
0.001232
0.000741
0.000628
0.001038
0.000391
0.000389
0.000316
0.000643
0.000739
0.000903
0.000455
0.000382
0.000458
0.000309
0.000396
0.000178
0.000337
0.000238
0.000243
0.000278
0.000209
0.000238
0.000227
0.000203
0.000293
0.000268
0.000316
0.000192
0.000285
0.000326
0.000465
0.000174
0.000324
0.000228
0.000186
0.000142
