0.091885
0.073349
0.070735
0.071670
0.071670
0.071670
0.071670
0.071670
0.071670
0.071670
0.070839
0.071119
0.069773
0.070735
0.070008
0.070397
0.070837
0.069203
0.070042
0.069786
0.065797
0.068096
0.064425
0.064023
0.062404
0.063038
0.060783
0.059429
0.059506
0.057832
0.058586
0.056762
0.059283
0.058104
0.056166
0.056375
0.057606
0.056408
0.055901
0.051830
0.055632
0.054792
0.054335
0.053469
0.053736
0.053698
0.052576
0.054246
0.055131
0.054637
0.055052
0.052292
0.052407
0.052275
0.050365
0.052085
0.052347
0.052767
0.054505
0.052795
0.051993
0.049608
0.052903
0.054804
0.051137
0.050702
0.049665
0.052269
0.052843
0.051050
0.055584
0.051370
0.050781
0.052040
0.053634
0.052289
0.051273
0.051465
0.052547
0.051601
0.050007
0.046510
0.048613
0.050614
0.048703
0.048190
0.050323
0.048650
0.051204
0.049564
0.045256
0.049681
0.049788
0.049321
0.050599
0.047962
0.047339
0.049070
0.046845
0.055033
0.046766
0.047497
0.049005
0.049270
0.051029
0.048814
0.047355
0.048998
0.050246
0.050697
0.047467
0.050582
0.047721
0.050133
0.048107
0.049680
0.046116
0.048946
0.049343
0.048233
0.048710
0.046598
0.048158
0.048181
0.047766
0.050056
0.048999
0.045405
0.047901
0.047712
0.046758
0.047698
0.048688
0.048706
0.049645
0.048018
0.047630
0.046899
0.046676
0.047256
0.049068
0.048657
0.046672
0.049231
0.045994
0.045802
0.046673
0.046111
0.045885
0.049359
