0.217610
0.080669
0.073340
0.074933
0.072518
0.070430
0.071313
0.067867
0.068894
0.067195
0.064628
0.063663
0.063132
0.063752
0.064921
0.066735
0.068503
0.064781
0.065671
0.062188
0.061931
0.059324
0.060170
0.059841
0.059837
0.057821
0.059767
0.062338
0.059620
0.059028
0.058630
0.060709
0.058008
0.058799
0.059555
0.058765
0.056185
0.057426
0.055562
0.051602
0.055295
0.051965
0.054710
0.052754
0.051471
0.052862
0.049391
0.051203
0.048557
0.048993
0.047902
0.049390
0.046802
0.048341
0.048077
0.048487
0.044820
0.050490
0.045640
0.046063
0.047178
0.044003
0.046241
0.044498
0.042787
0.041784
0.044079
0.047091
0.045082
0.044160
0.043945
0.040490
0.043765
0.043135
0.042870
0.041791
0.042900
0.043216
0.042695
0.041008
0.042631
0.041613
0.042432
0.041786
0.043059
0.040700
0.040332
0.041129
0.045423
0.045099
0.041386
0.040892
0.041869
0.042331
0.041575
0.043101
0.042236
0.041520
0.042558
0.041276
0.040670
0.040674
0.038909
0.040543
0.042712
0.041150
0.037555
0.040484
0.038933
0.043102
0.038715
0.043625
0.039956
0.042228
0.039046
0.039227
0.039417
0.040843
0.038688
0.038688
0.038978
0.040622
0.039383
0.041041
0.036335
0.040709
0.039979
0.039304
0.037793
0.038427
0.038987
0.039283
0.037681
0.037010
0.039604
0.036117
0.038512
0.037189
0.036840
0.040394
0.036983
0.041331
0.037088
0.039971
0.039821
0.036865
0.035400
0.034289
0.037882
0.037617
