0.131918
0.163400
0.112457
0.091936
0.076567
0.074628
0.071950
0.071670
0.071670
0.071670
0.071670
0.071670
0.071670
0.071670
0.071670
0.071670
0.071670
0.071670
0.071670
0.071670
0.071670
0.071670
0.071670
0.071670
0.071670
0.071670
0.071670
0.071670
0.071670
0.071670
0.071670
0.071670
0.071670
0.071670
0.071670
0.071670
0.071670
0.071670
0.071670
0.071670
0.071670
0.071670
0.071670
0.071670
0.071670
0.071670
0.071670
0.071670
0.071670
0.071670
0.071670
0.071670
0.071670
0.071670
0.071670
0.071670
0.071670
0.071670
0.071670
0.071670
0.071670
0.071670
0.071670
0.071670
0.071670
0.071670
0.071670
0.071670
0.070839
0.063066
0.066769
0.067274
0.066548
0.064164
0.070398
0.064099
0.067660
0.066254
0.063868
0.064112
0.069765
0.061546
0.062386
0.065713
0.062186
0.061760
0.060170
0.060892
0.062764
0.062360
0.061526
0.060787
0.059412
0.061526
0.054021
0.066449
0.060192
0.057414
0.053070
0.054691
0.046389
0.050723
0.048034
0.048310
0.048672
0.048821
0.047281
0.047925
0.049437
0.047084
0.047735
0.046928
0.050185
0.048356
0.047029
0.048150
0.048369
0.048573
0.047148
0.047016
0.049716
0.049554
0.045941
0.047693
0.046691
0.044786
0.048030
0.046445
0.046091
0.044095
0.046940
0.045519
0.045996
0.046077
0.047368
0.043314
0.046814
0.044811
0.044870
0.043604
0.044143
0.043429
0.044264
0.043069
0.046263
0.048032
0.046996
0.045360
0.041449
0.041754
