0.160000
0.165000
0.155000
0.160000
0.175000
0.175000
0.210000
0.200000
0.230000
0.205000
0.190000
0.235000
0.255000
0.310000
0.320000
0.365000
0.370000
0.380000
0.360000
0.380000
0.355000
0.380000
0.405000
0.390000
0.405000
0.410000
0.425000
0.440000
0.445000
0.450000
0.425000
0.450000
0.450000
0.450000
0.460000
0.460000
0.450000
0.450000
0.460000
0.460000
0.460000
0.460000
0.460000
0.460000
0.455000
0.460000
0.460000
0.460000
0.460000
0.460000
0.460000
0.460000
0.460000
0.460000
0.460000
0.460000
0.460000
0.460000
0.460000
0.460000
0.460000
0.460000
0.460000
0.460000
0.465000
0.465000
0.465000
0.465000
0.465000
0.465000
0.465000
0.470000
0.470000
0.470000
0.470000
0.465000
0.410000
0.455000
0.460000
0.360000
0.395000
0.440000
0.470000
0.465000
0.470000
0.470000
0.470000
0.470000
0.470000
0.470000
0.470000
0.470000
0.470000
0.470000
0.470000
0.470000
0.470000
0.470000
0.470000
0.470000
0.470000
0.470000
0.470000
0.470000
0.470000
0.470000
0.470000
0.470000
0.470000
0.470000
0.470000
0.470000
0.470000
0.470000
0.470000
0.470000
0.470000
0.470000
0.470000
0.470000
0.470000
0.470000
0.470000
0.470000
0.470000
0.470000
0.470000
0.470000
0.470000
0.470000
0.470000
0.470000
0.470000
0.470000
0.470000
0.470000
0.470000
0.470000
0.470000
0.470000
0.470000
0.470000
0.470000
0.470000
0.470000
0.470000
0.470000
0.470000
0.470000
0.470000
