0.190000
0.170000
0.275000
0.340000
0.400000
0.410000
0.345000
0.320000
0.265000
0.360000
0.410000
0.430000
0.415000
0.490000
0.500000
0.575000
0.560000
0.575000
0.570000
0.525000
0.545000
0.625000
0.655000
0.690000
0.695000
0.590000
0.555000
0.580000
0.600000
0.630000
0.695000
0.705000
0.755000
0.790000
0.790000
0.810000
0.805000
0.800000
0.785000
0.825000
0.820000
0.825000
0.830000
0.830000
0.830000
0.825000
0.825000
0.830000
0.830000
0.830000
0.830000
0.830000
0.830000
0.830000
0.830000
0.830000
0.830000
0.830000
0.830000
0.830000
0.830000
0.830000
0.830000
0.830000
0.830000
0.830000
0.830000
0.830000
0.830000
0.830000
0.830000
0.830000
0.830000
0.830000
0.830000
0.830000
0.830000
0.830000
0.830000
0.830000
0.830000
0.830000
0.830000
0.830000
0.830000
0.830000
0.830000
0.830000
0.830000
0.830000
0.830000
0.830000
0.830000
0.830000
0.830000
0.830000
0.830000
0.830000
0.830000
0.830000
0.830000
0.830000
0.830000
0.830000
0.830000
0.830000
0.830000
0.835000
0.835000
0.835000
0.835000
0.840000
0.840000
0.845000
0.845000
0.845000
0.850000
0.860000
0.860000
0.860000
0.870000
0.875000
0.890000
0.900000
0.935000
0.960000
0.980000
0.940000
0.830000
0.910000
0.935000
0.960000
0.970000
0.980000
0.995000
0.995000
1.000000
0.990000
0.990000
1.000000
1.000000
1.000000
1.000000
1.000000
1.000000
1.000000
1.000000
1.000000
1.000000
1.000000
