0.170000
0.230000
0.140000
0.160000
0.145000
0.210000
0.255000
0.280000
0.290000
0.315000
0.355000
0.465000
0.525000
0.575000
0.630000
0.630000
0.670000
0.760000
0.725000
0.755000
0.780000
0.760000
0.745000
0.775000
0.885000
0.880000
0.905000
0.935000
0.915000
0.930000
0.940000
0.940000
0.945000
0.980000
0.975000
0.940000
0.960000
0.980000
0.980000
0.965000
0.930000
0.950000
0.985000
0.960000
0.975000
0.945000
0.990000
0.980000
0.965000
0.945000
0.980000
0.980000
0.990000
0.995000
1.000000
1.000000
1.000000
1.000000
1.000000
1.000000
1.000000
1.000000
1.000000
1.000000
0.995000
1.000000
1.000000
1.000000
1.000000
1.000000
1.000000
1.000000
1.000000
1.000000
1.000000
1.000000
1.000000
1.000000
1.000000
1.000000
1.000000
1.000000
1.000000
1.000000
1.000000
1.000000
1.000000
1.000000
1.000000
1.000000
0.990000
0.945000
0.840000
0.870000
0.960000
0.970000
0.990000
0.990000
0.995000
0.990000
0.970000
0.980000
0.995000
1.000000
1.000000
0.990000
0.995000
1.000000
1.000000
1.000000
1.000000
1.000000
1.000000
1.000000
1.000000
1.000000
1.000000
1.000000
1.000000
1.000000
1.000000
1.000000
1.000000
1.000000
1.000000
1.000000
1.000000
1.000000
1.000000
1.000000
1.000000
1.000000
1.000000
1.000000
1.000000
1.000000
1.000000
1.000000
1.000000
1.000000
1.000000
1.000000
1.000000
1.000000
1.000000
1.000000
1.000000
1.000000
1.000000
1.000000
