0.271617
0.064841
0.062556
0.062712
0.062595
0.062595
0.062127
0.062244
0.062286
0.061622
0.064693
0.062517
0.062818
0.061933
0.062400
0.062244
0.062361
0.062361
0.062127
0.062010
0.062127
0.062127
0.061738
0.062050
0.062050
0.062010
0.061772
0.066364
0.062712
0.062712
0.062712
0.062478
0.062361
0.062361
0.062206
0.062123
0.061108
0.061112
0.061114
0.061832
0.062595
0.062712
0.062712
0.062712
0.062712
0.062712
0.062712
0.062595
0.062595
0.062595
0.062478
0.062361
0.062361
0.062283
0.062206
0.062091
0.062170
0.061348
0.061036
0.061504
0.061109
0.058493
0.060300
0.059449
0.059096
0.058571
0.058950
0.058598
0.058593
0.058560
0.058881
0.057828
0.056790
0.057978
0.056984
0.058786
0.056807
0.057128
0.057040
0.056246
0.055868
0.054891
0.054331
0.053677
0.056007
0.050383
0.050833
0.052094
0.050828
0.047108
0.048697
0.047222
0.046549
0.048393
0.048469
0.047434
0.047295
0.047188
0.047630
0.045689
0.046367
0.046226
0.045005
0.044329
0.044341
0.041807
0.044834
0.043886
0.042777
0.044425
0.042291
0.044127
0.051908
0.048800
0.047490
0.043407
0.046174
0.045262
0.044847
0.045095
0.041741
0.042956
0.042349
0.042087
0.040576
0.040476
0.043142
0.041910
0.042801
0.043615
0.042109
0.042681
0.044332
0.043514
0.042548
0.041709
0.044304
0.043204
0.048780
0.050486
0.046033
0.045392
0.043179
0.043073
0.042963
0.041740
0.042137
0.041472
0.043543
0.044142
