0.344877
0.087138
0.069832
0.066943
0.065803
0.063489
0.059692
0.057889
0.053647
0.054385
0.051509
0.047700
0.049003
0.042774
0.034913
0.031202
0.028711
0.023396
0.024412
0.028359
0.017554
0.025408
0.024194
0.019015
0.010437
0.010624
0.010489
0.008032
0.008874
0.006524
0.005826
0.006248
0.005723
0.003611
0.004261
0.004894
0.004099
0.003127
0.002880
0.004506
0.005608
0.005317
0.002318
0.003942
0.002597
0.004004
0.002708
0.002644
0.002915
0.004595
0.002368
0.001606
0.001246
0.000928
0.000746
0.000693
0.000527
0.000482
0.000425
0.000401
0.000313
0.000359
0.000469
0.000383
0.000879
0.000748
0.000556
0.000465
0.000469
0.000487
0.000506
0.000346
0.000300
0.000293
0.000202
0.000254
0.000386
0.000427
0.000293
0.000231
0.000174
0.000183
0.000358
0.000213
0.000167
0.000142
0.000167
0.000140
0.000152
0.000317
0.002515
0.005444
0.021146
0.011276
0.004542
0.002936
0.001542
0.001375
0.001234
0.001095
0.002317
0.003104
0.001184
0.000712
0.000691
0.001350
0.000565
0.000374
0.000228
0.000150
0.000132
0.000099
0.000129
0.000072
0.000064
0.000135
0.000077
0.000065
0.000051
0.000052
0.000057
0.000070
0.000054
0.000041
0.000041
0.000057
0.000089
0.000076
0.000063
0.000034
0.000037
0.000038
0.000028
0.000037
0.000028
0.000029
0.000030
0.000031
0.000027
0.000029
0.000040
0.000030
0.000080
0.000049
0.000037
0.000027
0.000026
0.000033
0.000040
0.000023
