0.296365
0.259144
0.179895
0.153150
0.126280
0.088338
0.056635
0.054217
0.054211
0.052765
0.049394
0.047287
0.047808
0.042131
0.040066
0.038231
0.038080
0.034542
0.035257
0.039700
0.037346
0.034298
0.030869
0.030457
0.026745
0.036158
0.033603
0.035822
0.033722
0.037635
0.027641
0.031744
0.021477
0.018843
0.018823
0.018156
0.016856
0.016052
0.018072
0.013926
0.015287
0.016386
0.012702
0.013375
0.012937
0.012683
0.012253
0.012114
0.012799
0.012870
0.012159
0.011939
0.012890
0.010939
0.012409
0.011442
0.011566
0.010769
0.011591
0.011496
0.011631
0.011990
0.011431
0.010495
0.010991
0.011035
0.010994
0.010958
0.010872
0.011724
0.010903
0.011622
0.010113
0.011093
0.012090
0.010857
0.011759
0.010047
0.010834
0.010764
0.010735
0.010675
0.010780
0.012365
0.010052
0.011515
0.010746
0.010688
0.011539
0.013990
0.010674
0.011516
0.012325
0.010680
0.010576
0.010639
0.011440
0.010728
0.010582
0.010576
0.009782
0.009781
0.010549
0.012263
0.010534
0.012236
0.011428
0.010429
0.009623
0.009615
0.011288
0.010320
0.011997
0.010174
0.011531
0.010229
0.010897
0.010720
0.009820
0.010332
0.009309
0.009517
0.008393
0.008303
0.008324
0.006726
0.005903
0.007150
0.017161
0.012445
0.008148
0.005411
0.003699
0.003113
0.002295
0.001863
0.001765
0.001463
0.001565
0.001006
0.001072
0.000836
0.000614
0.000630
0.000665
0.000577
0.000591
0.000540
0.000572
0.000366
