0.223131
0.082894
0.062751
0.062751
0.062712
0.062712
0.062712
0.062712
0.062712
0.062712
0.062712
0.062712
0.062712
0.062712
0.062712
0.062712
0.062712
0.062712
0.062712
0.062712
0.062712
0.062712
0.062712
0.062712
0.062712
0.062712
0.062712
0.062712
0.062712
0.062712
0.062712
0.062712
0.062712
0.062712
0.062400
0.062166
0.062403
0.061268
0.060527
0.061204
0.058595
0.056619
0.054912
0.055862
0.054846
0.054798
0.053653
0.054519
0.054325
0.053186
0.052400
0.054215
0.051275
0.053499
0.052112
0.051774
0.051693
0.052053
0.051632
0.049975
0.052403
0.052529
0.051541
0.051570
0.051594
0.052426
0.053163
0.052311
0.053109
0.050157
0.050449
0.051857
0.052632
0.051015
0.052002
0.049664
0.050839
0.050904
0.048282
0.050087
0.049019
0.049209
0.049057
0.047631
0.048486
0.046493
0.048031
0.048333
0.045250
0.045111
0.047666
0.045456
0.047727
0.044242
0.044786
0.046835
0.044379
0.044573
0.046104
0.042924
0.044225
0.044320
0.047571
0.044696
0.042826
0.041549
0.043982
0.041321
0.046941
0.044437
0.044263
0.044649
0.045078
0.042287
0.041662
0.038955
0.043224
0.039868
0.039178
0.039876
0.044335
0.040200
0.037755
0.036385
0.034077
0.036958
0.037043
0.034058
0.034786
0.034088
0.032763
0.033902
0.032621
0.033769
0.031658
0.035270
0.033408
0.031454
0.033143
0.032447
0.032145
0.031356
0.032936
0.031332
0.032082
0.033803
0.032091
0.032945
0.030425
0.032084
