0.246387
0.063800
0.062794
0.062590
0.062364
0.062404
0.061701
0.061895
0.060348
0.061928
0.061487
0.060161
0.059815
0.057595
0.054843
0.056207
0.053599
0.055977
0.052684
0.053354
0.050938
0.052808
0.052729
0.052221
0.050282
0.051518
0.048268
0.049652
0.047956
0.049389
0.049319
0.047127
0.047299
0.045939
0.045873
0.046573
0.044494
0.045992
0.045924
0.044750
0.043112
0.044335
0.044504
0.045361
0.046950
0.044377
0.046164
0.045969
0.045248
0.044251
0.043271
0.044660
0.043931
0.043765
0.043766
0.042175
0.045381
0.043744
0.043507
0.043653
0.044351
0.046450
0.044939
0.045146
0.043637
0.044964
0.044171
0.044996
0.044940
0.044826
0.043971
0.043850
0.042295
0.044633
0.043808
0.044178
0.048077
0.047099
0.045097
0.052573
0.050888
0.046042
0.043516
0.045126
0.043466
0.043885
0.044598
0.043701
0.045477
0.041294
0.042157
0.042013
0.042893
0.043526
0.041879
0.043508
0.043576
0.044335
0.041062
0.043483
0.044408
0.042639
0.043564
0.042623
0.043534
0.041782
0.041828
0.043460
0.044339
0.044299
0.041823
0.043448
0.043463
0.043472
0.040945
0.043480
0.041793
0.042611
0.042626
0.044288
0.042617
0.043457
0.042622
0.043450
0.041784
0.040130
0.042615
0.043448
0.044282
0.042608
0.040099
0.043437
0.041788
0.044268
0.040132
0.042718
0.043525
0.043584
0.043430
0.044293
0.043468
0.042589
0.044296
0.041764
0.042588
0.042613
0.045098
0.042595
0.043422
0.042592
