0.145000
0.160000
0.155000
0.155000
0.155000
0.155000
0.155000
0.155000
0.155000
0.155000
0.155000
0.155000
0.155000
0.155000
0.155000
0.155000
0.155000
0.155000
0.155000
0.155000
0.155000
0.155000
0.155000
0.155000
0.155000
0.155000
0.155000
0.155000
0.155000
0.155000
0.155000
0.155000
0.155000
0.155000
0.155000
0.155000
0.155000
0.155000
0.155000
0.155000
0.155000
0.155000
0.155000
0.155000
0.155000
0.155000
0.155000
0.155000
0.155000
0.155000
0.155000
0.155000
0.155000
0.155000
0.155000
0.155000
0.155000
0.155000
0.155000
0.155000
0.165000
0.175000
0.170000
0.235000
0.160000
0.155000
0.160000
0.180000
0.235000
0.275000
0.275000
0.330000
0.405000
0.435000
0.440000
0.430000
0.445000
0.450000
0.450000
0.395000
0.460000
0.455000
0.470000
0.470000
0.470000
0.470000
0.470000
0.475000
0.470000
0.395000
0.455000
0.420000
0.445000
0.450000
0.455000
0.470000
0.415000
0.470000
0.470000
0.475000
0.480000
0.470000
0.475000
0.475000
0.485000
0.485000
0.475000
0.485000
0.480000
0.485000
0.485000
0.485000
0.485000
0.485000
0.485000
0.485000
0.485000
0.485000
0.485000
0.485000
0.485000
0.485000
0.485000
0.485000
0.485000
0.485000
0.485000
0.485000
0.485000
0.485000
0.485000
0.485000
0.485000
0.485000
0.485000
0.485000
0.485000
0.485000
0.485000
0.485000
0.485000
0.485000
0.485000
0.485000
0.485000
0.485000
0.485000
0.485000
0.485000
0.485000
