0.160000
0.120000
0.170000
0.170000
0.170000
0.170000
0.170000
0.170000
0.170000
0.170000
0.170000
0.170000
0.170000
0.170000
0.170000
0.170000
0.170000
0.170000
0.170000
0.170000
0.170000
0.170000
0.170000
0.170000
0.170000
0.170000
0.170000
0.175000
0.175000
0.175000
0.245000
0.205000
0.260000
0.265000
0.265000
0.235000
0.305000
0.305000
0.310000
0.310000
0.315000
0.315000
0.320000
0.315000
0.325000
0.250000
0.325000
0.335000
0.335000
0.335000
0.335000
0.330000
0.215000
0.270000
0.325000
0.325000
0.335000
0.335000
0.335000
0.335000
0.335000
0.335000
0.335000
0.335000
0.335000
0.335000
0.335000
0.335000
0.335000
0.335000
0.335000
0.335000
0.335000
0.335000
0.335000
0.335000
0.335000
0.335000
0.340000
0.345000
0.345000
0.360000
0.365000
0.370000
0.385000
0.390000
0.390000
0.395000
0.405000
0.415000
0.420000
0.415000
0.435000
0.440000
0.440000
0.445000
0.460000
0.470000
0.465000
0.470000
0.470000
0.465000
0.475000
0.485000
0.470000
0.475000
0.485000
0.480000
0.485000
0.485000
0.485000
0.485000
0.495000
0.495000
0.485000
0.490000
0.475000
0.490000
0.490000
0.495000
0.485000
0.495000
0.495000
0.495000
0.495000
0.495000
0.495000
0.495000
0.485000
0.480000
0.475000
0.475000
0.490000
0.495000
0.490000
0.495000
0.495000
0.495000
0.495000
0.495000
0.495000
0.495000
0.495000
0.495000
0.495000
0.495000
0.495000
0.495000
0.495000
0.495000
