0.135000
0.185000
0.180000
0.180000
0.180000
0.180000
0.180000
0.180000
0.180000
0.180000
0.180000
0.180000
0.180000
0.180000
0.180000
0.185000
0.185000
0.185000
0.185000
0.185000
0.185000
0.185000
0.185000
0.185000
0.185000
0.185000
0.185000
0.185000
0.185000
0.185000
0.200000
0.210000
0.220000
0.260000
0.255000
0.185000
0.180000
0.180000
0.180000
0.180000
0.180000
0.180000
0.180000
0.180000
0.180000
0.180000
0.180000
0.180000
0.180000
0.180000
0.180000
0.180000
0.180000
0.180000
0.180000
0.180000
0.180000
0.180000
0.180000
0.180000
0.180000
0.180000
0.180000
0.180000
0.180000
0.180000
0.180000
0.180000
0.180000
0.180000
0.180000
0.180000
0.180000
0.180000
0.180000
0.180000
0.180000
0.180000
0.180000
0.180000
0.185000
0.185000
0.185000
0.190000
0.190000
0.195000
0.205000
0.185000
0.245000
0.315000
0.305000
0.305000
0.315000
0.320000
0.320000
0.320000
0.325000
0.330000
0.330000
0.340000
0.340000
0.335000
0.340000
0.340000
0.340000
0.345000
0.345000
0.345000
0.340000
0.345000
0.340000
0.345000
0.345000
0.345000
0.345000
0.345000
0.345000
0.345000
0.345000
0.345000
0.345000
0.345000
0.345000
0.345000
0.345000
0.345000
0.350000
0.350000
0.350000
0.350000
0.350000
0.350000
0.350000
0.350000
0.350000
0.350000
0.350000
0.350000
0.350000
0.350000
0.350000
0.350000
0.350000
0.350000
0.350000
0.350000
0.350000
0.350000
0.350000
0.350000
