0.160000
0.260000
0.215000
0.240000
0.270000
0.290000
0.305000
0.295000
0.175000
0.175000
0.240000
0.305000
0.265000
0.315000
0.295000
0.305000
0.315000
0.315000
0.315000
0.315000
0.315000
0.310000
0.315000
0.310000
0.315000
0.315000
0.315000
0.315000
0.315000
0.315000
0.315000
0.315000
0.315000
0.315000
0.315000
0.315000
0.315000
0.315000
0.315000
0.315000
0.315000
0.315000
0.315000
0.315000
0.315000
0.315000
0.315000
0.315000
0.315000
0.315000
0.315000
0.315000
0.315000
0.315000
0.315000
0.315000
0.315000
0.315000
0.315000
0.315000
0.315000
0.315000
0.315000
0.315000
0.315000
0.315000
0.315000
0.315000
0.315000
0.315000
0.315000
0.315000
0.315000
0.315000
0.315000
0.315000
0.315000
0.315000
0.315000
0.315000
0.315000
0.315000
0.315000
0.315000
0.315000
0.315000
0.315000
0.315000
0.315000
0.315000
0.315000
0.315000
0.315000
0.315000
0.315000
0.315000
0.315000
0.315000
0.315000
0.315000
0.315000
0.315000
0.315000
0.315000
0.315000
0.315000
0.315000
0.315000
0.315000
0.315000
0.315000
0.315000
0.315000
0.315000
0.315000
0.315000
0.320000
0.320000
0.325000
0.325000
0.330000
0.330000
0.330000
0.340000
0.355000
0.385000
0.400000
0.385000
0.415000
0.420000
0.435000
0.445000
0.435000
0.440000
0.455000
0.440000
0.460000
0.440000
0.460000
0.465000
0.455000
0.460000
0.455000
0.460000
0.460000
0.465000
0.465000
0.465000
0.465000
0.465000
