0.165000
0.175000
0.170000
0.175000
0.175000
0.175000
0.205000
0.270000
0.315000
0.295000
0.285000
0.290000
0.290000
0.330000
0.320000
0.325000
0.330000
0.310000
0.345000
0.330000
0.330000
0.345000
0.345000
0.350000
0.350000
0.350000
0.355000
0.365000
0.365000
0.380000
0.400000
0.410000
0.415000
0.400000
0.310000
0.340000
0.325000
0.345000
0.345000
0.370000
0.410000
0.425000
0.440000
0.500000
0.490000
0.485000
0.510000
0.505000
0.505000
0.510000
0.500000
0.510000
0.510000
0.515000
0.515000
0.510000
0.510000
0.515000
0.515000
0.515000
0.515000
0.515000
0.515000
0.515000
0.515000
0.515000
0.515000
0.515000
0.515000
0.515000
0.515000
0.515000
0.515000
0.515000
0.515000
0.515000
0.515000
0.515000
0.515000
0.515000
0.515000
0.515000
0.515000
0.515000
0.515000
0.515000
0.515000
0.515000
0.515000
0.515000
0.515000
0.515000
0.515000
0.515000
0.515000
0.515000
0.515000
0.515000
0.515000
0.515000
0.515000
0.515000
0.515000
0.515000
0.515000
0.515000
0.515000
0.515000
0.515000
0.515000
0.515000
0.515000
0.515000
0.515000
0.515000
0.515000
0.515000
0.515000
0.515000
0.515000
0.515000
0.515000
0.515000
0.515000
0.515000
0.515000
0.515000
0.515000
0.515000
0.515000
0.515000
0.515000
0.515000
0.515000
0.515000
0.515000
0.515000
0.515000
0.515000
0.515000
0.515000
0.515000
0.515000
0.515000
0.515000
0.515000
0.515000
0.515000
0.515000
0.515000
