0.443016
0.112956
0.062521
0.062482
0.062367
0.061665
0.061545
0.061380
0.061136
0.060307
0.060107
0.061916
0.062712
0.062712
0.062712
0.062712
0.062712
0.062712
0.062712
0.062712
0.062712
0.062712
0.062712
0.062712
0.062712
0.062712
0.062712
0.062595
0.062634
0.061915
0.061859
0.061661
0.061161
0.059340
0.060419
0.061367
0.058964
0.058419
0.057649
0.057486
0.058045
0.057475
0.056674
0.054974
0.054841
0.060438
0.056635
0.055877
0.053657
0.054969
0.053880
0.054757
0.061238
0.058948
0.056464
0.055585
0.052765
0.053320
0.053919
0.053877
0.054840
0.054295
0.053089
0.053882
0.051950
0.051803
0.053866
0.053774
0.053736
0.054705
0.052527
0.052910
0.052430
0.051313
0.053702
0.050475
0.052826
0.052783
0.051879
0.051931
0.052567
0.051418
0.051170
0.052720
0.051182
0.051780
0.051921
0.049662
0.050423
0.050757
0.049655
0.048795
0.049415
0.050275
0.049454
0.047445
0.046583
0.048144
0.048253
0.046568
0.045559
0.045891
0.046918
0.045095
0.047870
0.045515
0.045408
0.045126
0.046349
0.044405
0.044795
0.043334
0.044191
0.046923
0.046334
0.044603
0.045465
0.045608
0.044463
0.043050
0.044951
0.044823
0.042787
0.042746
0.042902
0.042520
0.042678
0.044233
0.040414
0.043479
0.046086
0.044138
0.043190
0.041573
0.037403
0.036715
0.039507
0.034048
0.032715
0.031671
0.032775
0.032996
0.032770
0.031883
0.032157
0.032212
0.032174
0.030318
0.031997
0.031965
