0.294855
0.071100
0.062712
0.062712
0.062712
0.062712
0.062712
0.062712
0.062712
0.062712
0.062712
0.062712
0.062712
0.062712
0.062712
0.062595
0.062595
0.062595
0.062595
0.062595
0.062595
0.062595
0.062595
0.062595
0.062595
0.062595
0.062595
0.062595
0.062595
0.062752
0.062717
0.062007
0.061308
0.060927
0.060343
0.065075
0.062712
0.062712
0.062712
0.062712
0.062712
0.062712
0.062712
0.062712
0.062712
0.062712
0.062712
0.062712
0.062712
0.062712
0.062712
0.062712
0.062712
0.062712
0.062712
0.062712
0.062712
0.062712
0.062712
0.062712
0.062712
0.062712
0.062712
0.062712
0.062712
0.062712
0.062712
0.062712
0.062712
0.062712
0.062712
0.062712
0.062712
0.062712
0.062712
0.062712
0.062712
0.062712
0.062712
0.062712
0.062595
0.062595
0.062595
0.062478
0.062395
0.062279
0.063559
0.062512
0.059194
0.056873
0.054939
0.055668
0.056537
0.055032
0.056361
0.054067
0.055579
0.053995
0.055276
0.053426
0.054598
0.055116
0.053681
0.053688
0.053307
0.052656
0.054259
0.054288
0.052740
0.054127
0.054733
0.053095
0.053819
0.053056
0.052046
0.053911
0.053708
0.053641
0.053649
0.052782
0.051953
0.053600
0.052785
0.052743
0.050310
0.052813
0.053460
0.052628
0.053437
0.051780
0.052607
0.050124
0.051728
0.053443
0.051828
0.051723
0.051808
0.052660
0.051159
0.052611
0.052592
0.053449
0.051726
0.050040
0.051870
0.050874
0.052593
0.050922
0.050910
0.050938
