0.354801
0.213021
0.063587
0.060098
0.051498
0.051766
0.050292
0.052412
0.053457
0.052902
0.049304
0.047614
0.048060
0.046582
0.046076
0.045316
0.046420
0.045095
0.044496
0.046450
0.045276
0.043921
0.043668
0.044946
0.043218
0.044862
0.043195
0.043912
0.044926
0.041488
0.043596
0.042023
0.043758
0.042895
0.042944
0.043575
0.042804
0.042050
0.042033
0.043609
0.044388
0.042890
0.042781
0.043674
0.041846
0.044411
0.042712
0.042716
0.044318
0.041948
0.041867
0.041805
0.044339
0.042862
0.044336
0.045319
0.043556
0.043571
0.043471
0.043639
0.042631
0.043531
0.040967
0.042640
0.042626
0.042624
0.042648
0.041823
0.044287
0.044290
0.043472
0.041802
0.043447
0.042604
0.043447
0.042610
0.043441
0.043437
0.041770
0.044265
0.044288
0.044307
0.041784
0.042625
0.043430
0.042619
0.042602
0.042598
0.041753
0.042603
0.042592
0.042598
0.040911
0.042583
0.042597
0.040077
0.043420
0.044263
0.043428
0.043430
0.042582
0.045104
0.042589
0.042588
0.045106
0.042586
0.042591
0.040901
0.041744
0.042583
0.043432
0.043426
0.042588
0.041747
0.043415
0.045099
0.040797
0.042469
0.042350
0.043193
0.043066
0.043087
0.041115
0.043529
0.041348
0.043865
0.044625
0.040617
0.043408
0.040340
0.040414
0.040307
0.042107
0.040988
0.040201
0.040497
0.038407
0.040058
0.038019
0.038563
0.036427
0.038608
0.038522
0.038356
0.037401
0.035993
0.036730
0.034779
0.037214
0.036960
