0.214009
0.062713
0.062751
0.062712
0.062712
0.062712
0.062093
0.060253
0.057720
0.057986
0.059366
0.057971
0.056430
0.055725
0.056338
0.055088
0.056919
0.056500
0.055466
0.054774
0.054235
0.055282
0.054580
0.052457
0.054021
0.053377
0.052396
0.052286
0.053189
0.053411
0.050890
0.050990
0.051944
0.053542
0.057114
0.053837
0.055063
0.055012
0.052840
0.053822
0.051690
0.049862
0.050759
0.045361
0.046046
0.043659
0.045856
0.041483
0.041862
0.043836
0.041495
0.042925
0.042210
0.042638
0.042164
0.042664
0.041767
0.042493
0.042552
0.040663
0.043236
0.040760
0.042400
0.043093
0.043228
0.041367
0.043163
0.041388
0.039857
0.042186
0.041395
0.043022
0.040593
0.040486
0.041408
0.041336
0.041325
0.040481
0.041363
0.041291
0.041302
0.039638
0.042946
0.040477
0.041286
0.042147
0.039598
0.041287
0.042115
0.042122
0.040415
0.042107
0.040421
0.040414
0.041280
0.042930
0.040477
0.041236
0.042092
0.041268
0.042093
0.042922
0.040421
0.040415
0.042906
0.040471
0.043735
0.042090
0.040421
0.042052
0.042917
0.042064
0.042899
0.042899
0.041219
0.040410
0.041211
0.041213
0.042891
0.042058
0.042058
0.042058
0.042075
0.039534
0.040361
0.042896
0.042048
0.040374
0.041199
0.041205
0.039540
0.042035
0.041208
0.042880
0.039534
0.042035
0.042877
0.040351
0.042023
0.041193
0.039509
0.043700
0.040369
0.040347
0.042866
0.042027
0.041187
0.041178
0.039507
0.042866
