0.201770
0.063687
0.061385
0.064173
0.062712
0.062751
0.063223
0.062519
0.062443
0.062522
0.061311
0.061970
0.061769
0.061730
0.060914
0.060321
0.060516
0.060675
0.059707
0.060166
0.059973
0.059527
0.059918
0.060371
0.060489
0.058430
0.059544
0.060480
0.062712
0.062712
0.062712
0.062712
0.062712
0.062712
0.062712
0.062712
0.062712
0.062712
0.062712
0.062712
0.062712
0.062712
0.062712
0.062712
0.062712
0.062712
0.062712
0.062712
0.062712
0.062712
0.062712
0.062712
0.062595
0.062595
0.062595
0.062595
0.062595
0.062595
0.062595
0.062595
0.062595
0.062595
0.062595
0.062595
0.062244
0.062595
0.062595
0.062595
0.062595
0.062478
0.062478
0.062361
0.062244
0.062162
0.062162
0.061811
0.061694
0.061694
0.061266
0.061695
0.061535
0.061693
0.061653
0.061257
0.060716
0.060032
0.060513
0.061443
0.060296
0.058820
0.059523
0.058700
0.060642
0.059707
0.056718
0.058367
0.056502
0.056834
0.057123
0.058189
0.057191
0.056147
0.056010
0.055968
0.055054
0.056068
0.054211
0.054939
0.053419
0.051768
0.050905
0.051997
0.052017
0.051712
0.050047
0.050895
0.049675
0.049539
0.048694
0.048818
0.049285
0.048541
0.048159
0.047201
0.055011
0.054308
0.048733
0.047516
0.047915
0.046069
0.045872
0.046691
0.045604
0.046533
0.044548
0.045828
0.046722
0.044325
0.045152
0.043532
0.044406
0.043932
0.042978
0.043627
0.041667
0.044524
0.044240
0.040701
0.043007
0.041393
