0.347400
0.103807
0.062791
0.062751
0.062712
0.062712
0.062712
0.062712
0.063383
0.062712
0.062712
0.062712
0.062712
0.062712
0.062712
0.062712
0.062712
0.062712
0.062712
0.062712
0.062712
0.062712
0.062712
0.062712
0.062712
0.062712
0.062712
0.062712
0.062712
0.062712
0.062712
0.062712
0.062712
0.062712
0.062712
0.062712
0.062712
0.062712
0.062712
0.062712
0.062712
0.062595
0.062595
0.062595
0.062595
0.062595
0.062595
0.062595
0.062595
0.062595
0.062595
0.062595
0.062595
0.062595
0.062595
0.062595
0.062595
0.062595
0.062595
0.062595
0.062400
0.062312
0.062244
0.061331
0.062517
0.062595
0.062478
0.063014
0.061784
0.060279
0.058314
0.059074
0.055354
0.053454
0.050635
0.051940
0.050198
0.050562
0.050549
0.049903
0.050000
0.048027
0.046329
0.047304
0.044944
0.048137
0.045081
0.043672
0.046695
0.045813
0.045277
0.050843
0.049418
0.050279
0.048483
0.047262
0.050387
0.048302
0.046313
0.044994
0.047147
0.045281
0.045428
0.044553
0.045845
0.044582
0.043824
0.046173
0.044262
0.044325
0.041107
0.043107
0.046012
0.042320
0.043174
0.041156
0.042396
0.042030
0.042536
0.044062
0.042359
0.044698
0.042899
0.041883
0.043993
0.044163
0.042737
0.044967
0.041602
0.043228
0.041366
0.043307
0.041753
0.042720
0.041824
0.043149
0.043202
0.043998
0.043073
0.041461
0.042070
0.042974
0.043839
0.042072
0.042112
0.041931
0.041904
0.042840
0.042741
0.043560
