0.076236
0.070533
0.069334
0.072557
0.067469
0.065976
0.067915
0.068825
0.062889
0.062426
0.060132
0.059945
0.060981
0.058295
0.056296
0.057035
0.056208
0.054796
0.055713
0.056940
0.049012
0.051938
0.049808
0.053942
0.047033
0.042872
0.047432
0.043447
0.045891
0.044371
0.047433
0.044623
0.041856
0.040329
0.040824
0.036246
0.041422
0.035549
0.032785
0.035241
0.030847
0.032671
0.026317
0.026831
0.027006
0.020884
0.024696
0.028489
0.018265
0.017834
0.017425
0.019635
0.028576
0.026111
0.021518
0.028446
0.019218
0.014677
0.015881
0.017841
0.017667
0.016751
0.019668
0.020290
0.013352
0.014930
0.009638
0.011981
0.011244
0.010837
0.010278
0.008885
0.011581
0.011711
0.012466
0.007116
0.016950
0.007949
0.008290
0.008107
0.006943
0.006131
0.006576
0.008508
0.014145
0.011872
0.005661
0.003648
0.008784
0.012745
0.007999
0.009821
0.011321
0.032581
0.024202
0.016573
0.010550
0.010873
0.010851
0.009349
0.009341
0.011751
0.007656
0.008506
0.008715
0.007460
0.009541
0.004695
0.006830
0.004607
0.007924
0.006495
0.008625
0.010661
0.006390
0.011663
0.004527
0.007219
0.008562
0.013987
0.017511
0.018402
0.014871
0.009519
0.005246
0.017525
0.012169
0.008943
0.026448
0.010458
0.024025
0.014250
0.011368
0.019004
0.006377
0.009855
0.011519
0.006559
0.006770
0.008660
0.003030
0.002202
0.002141
0.005657
0.007860
0.003830
0.002822
0.005418
0.006888
0.002756
