0.076670
0.074860
0.073859
0.068927
0.071594
0.068348
0.067221
0.068044
0.068502
0.068313
0.060597
0.061498
0.064836
0.057332
0.057677
0.057410
0.059874
0.065020
0.059122
0.058573
0.056609
0.059660
0.056668
0.056997
0.055320
0.051542
0.049884
0.051444
0.050852
0.044196
0.043471
0.048190
0.044171
0.041992
0.038770
0.039264
0.040838
0.039119
0.036173
0.037393
0.028818
0.033008
0.031239
0.026644
0.033159
0.034686
0.024868
0.025325
0.027523
0.032078
0.020110
0.019906
0.017866
0.018093
0.018070
0.014039
0.015226
0.012872
0.013171
0.013736
0.016545
0.009528
0.017445
0.008827
0.013553
0.013689
0.012241
0.013453
0.008680
0.007378
0.017361
0.013356
0.017028
0.018130
0.006332
0.016049
0.019395
0.013181
0.008131
0.019515
0.013037
0.023296
0.023561
0.006664
0.018911
0.004813
0.012397
0.010311
0.023621
0.016116
0.009954
0.019389
0.006863
0.012595
0.015851
0.007647
0.013907
0.010257
0.005573
0.011980
0.007093
0.008714
0.011520
0.008702
0.005731
0.006464
0.009842
0.007012
0.002319
0.007957
0.003100
0.003495
0.005641
0.003807
0.002574
0.007488
0.004673
0.036523
0.005842
0.035522
0.011111
0.004838
0.013331
0.007083
0.006017
0.004999
0.004931
0.008377
0.005599
0.007556
0.002773
0.004820
0.001620
0.001340
0.001876
0.003630
0.001008
0.000469
0.005721
0.001140
0.000945
0.001441
0.001644
0.000604
0.000688
0.000847
0.001037
0.000277
0.000782
0.000361
