0.072582
0.071950
0.071127
0.069909
0.070869
0.067991
0.064123
0.068866
0.067455
0.066180
0.064952
0.062432
0.059074
0.061872
0.060136
0.056988
0.058139
0.057125
0.059061
0.058841
0.056497
0.059134
0.056976
0.056983
0.054538
0.053932
0.052143
0.052201
0.047521
0.050186
0.050381
0.049735
0.048723
0.041649
0.044443
0.044095
0.044584
0.049276
0.054693
0.040852
0.046347
0.046224
0.046724
0.042145
0.043638
0.063147
0.038859
0.043993
0.038951
0.044133
0.039377
0.040487
0.034733
0.037760
0.032957
0.040527
0.036193
0.030563
0.028092
0.029375
0.034021
0.026473
0.028479
0.024055
0.025325
0.029931
0.030627
0.024140
0.023745
0.025502
0.019514
0.021528
0.017469
0.015612
0.019368
0.017478
0.017850
0.013485
0.013747
0.015430
0.017360
0.014129
0.013760
0.014222
0.012347
0.011182
0.009138
0.014421
0.014962
0.020510
0.009423
0.013420
0.021994
0.018383
0.015990
0.010509
0.010350
0.010467
0.009708
0.011293
0.010726
0.012543
0.011770
0.008291
0.008425
0.006224
0.013901
0.011206
0.012512
0.007580
0.012126
0.008212
0.009805
0.006616
0.006900
0.003002
0.005615
0.005092
0.004628
0.006250
0.005258
0.011613
0.009759
0.009922
0.003944
0.013227
0.013653
0.023570
0.010219
0.005169
0.026372
0.006634
0.012712
0.007669
0.007927
0.005482
0.008890
0.005055
0.010259
0.008053
0.009605
0.012812
0.015174
0.008943
0.006859
0.006172
0.004608
0.001542
0.005905
0.006353
