0.075581
0.071828
0.071670
0.071670
0.071670
0.071670
0.070397
0.069574
0.069272
0.066109
0.065635
0.065326
0.062750
0.062249
0.062172
0.060930
0.061843
0.059912
0.061292
0.062856
0.059089
0.064192
0.059668
0.058613
0.065657
0.056999
0.066044
0.059673
0.063770
0.059608
0.054928
0.056637
0.055005
0.062109
0.055451
0.054384
0.054932
0.052348
0.053825
0.050120
0.045586
0.047458
0.050068
0.047839
0.044448
0.044370
0.043114
0.039826
0.043960
0.040936
0.045618
0.044543
0.044453
0.052213
0.041958
0.058114
0.040939
0.040487
0.038324
0.037813
0.036288
0.032105
0.039314
0.025419
0.034536
0.028902
0.033260
0.016386
0.029538
0.020211
0.023644
0.016675
0.022725
0.019956
0.016844
0.021787
0.016577
0.014312
0.012126
0.013918
0.014799
0.020013
0.009067
0.015266
0.016489
0.008309
0.017018
0.012400
0.022837
0.022988
0.034307
0.021656
0.021634
0.024396
0.012943
0.009373
0.010965
0.011858
0.007178
0.011309
0.009257
0.006540
0.011079
0.006302
0.005700
0.009649
0.016500
0.026979
0.005599
0.015843
0.010708
0.036594
0.034510
0.021773
0.009308
0.039777
0.020480
0.018360
0.013528
0.012409
0.008316
0.009981
0.006079
0.013944
0.010949
0.010456
0.009565
0.011079
0.004946
0.009930
0.004265
0.014651
0.024191
0.043631
0.015512
0.028857
0.019950
0.006533
0.012304
0.015515
0.017996
0.019930
0.009608
0.014972
0.053401
0.031439
0.008503
0.007369
0.013872
0.014777
