0.073206
0.071670
0.075334
0.070081
0.067377
0.067530
0.068465
0.069310
0.063738
0.064976
0.063317
0.062171
0.061156
0.063597
0.060404
0.060672
0.059950
0.057851
0.054121
0.059911
0.055674
0.058018
0.054246
0.059225
0.061834
0.058291
0.056690
0.056739
0.055932
0.055606
0.051756
0.050693
0.050462
0.053005
0.043011
0.050556
0.039657
0.046493
0.042164
0.038106
0.044302
0.042647
0.044523
0.039247
0.039912
0.035481
0.038321
0.035298
0.031260
0.031361
0.040870
0.030782
0.031221
0.028134
0.029100
0.022372
0.023231
0.024258
0.020965
0.025442
0.023007
0.023480
0.025098
0.027657
0.019778
0.022688
0.020917
0.019964
0.020745
0.018295
0.025865
0.017716
0.021347
0.015493
0.016948
0.027892
0.017910
0.020880
0.016983
0.019213
0.010807
0.011927
0.012648
0.011765
0.011067
0.007291
0.014590
0.007656
0.015264
0.011527
0.022105
0.011012
0.032986
0.015833
0.044063
0.016841
0.021723
0.028650
0.016585
0.022162
0.023834
0.011509
0.011055
0.010351
0.007916
0.010903
0.007617
0.006530
0.006219
0.009432
0.006732
0.006246
0.005323
0.007390
0.004688
0.009784
0.002852
0.003839
0.006895
0.013881
0.007424
0.007223
0.009743
0.021040
0.015269
0.018330
0.011389
0.015934
0.013813
0.008489
0.005028
0.007530
0.004658
0.007178
0.002321
0.005285
0.007791
0.003230
0.007974
0.004491
0.013103
0.012191
0.001440
0.009526
0.001854
0.003340
0.003520
0.012015
0.000887
0.014968
