0.075149
0.075265
0.071300
0.070536
0.071645
0.070839
0.069343
0.068520
0.066469
0.068807
0.064410
0.066168
0.060618
0.062617
0.060385
0.060849
0.060794
0.060101
0.063172
0.059278
0.059624
0.057342
0.059373
0.057777
0.059392
0.057504
0.054879
0.054930
0.052464
0.058749
0.056394
0.055868
0.056164
0.053420
0.049029
0.050090
0.049171
0.052427
0.051865
0.059379
0.046612
0.048300
0.060578
0.050204
0.047901
0.051355
0.053758
0.055104
0.052147
0.048357
0.044807
0.042873
0.045591
0.043755
0.043997
0.040002
0.038938
0.035235
0.036097
0.038984
0.037216
0.032461
0.032825
0.039623
0.031072
0.032778
0.032527
0.034977
0.031057
0.027781
0.028126
0.030709
0.028456
0.031507
0.027030
0.022808
0.030244
0.022970
0.020844
0.027405
0.019517
0.016061
0.017848
0.020528
0.030282
0.027770
0.023739
0.022582
0.018700
0.024184
0.022200
0.021467
0.020315
0.019062
0.013062
0.020268
0.017000
0.013721
0.015158
0.015305
0.016451
0.010615
0.012819
0.009651
0.007511
0.012102
0.005911
0.014574
0.009180
0.011661
0.008118
0.013346
0.022370
0.012955
0.011677
0.016877
0.017558
0.015502
0.029345
0.012835
0.021380
0.014859
0.026013
0.015123
0.022272
0.011364
0.011677
0.011467
0.009356
0.014252
0.004901
0.016168
0.004755
0.012552
0.003518
0.006263
0.005280
0.003553
0.004509
0.004526
0.003308
0.005175
0.001809
0.002292
0.004558
0.004482
0.007021
0.002866
0.006219
0.005748
