0.175000
0.120000
0.165000
0.170000
0.170000
0.170000
0.175000
0.175000
0.175000
0.175000
0.175000
0.175000
0.215000
0.235000
0.255000
0.255000
0.255000
0.240000
0.270000
0.280000
0.270000
0.275000
0.330000
0.310000
0.315000
0.300000
0.335000
0.395000
0.380000
0.345000
0.350000
0.360000
0.375000
0.350000
0.380000
0.385000
0.425000
0.310000
0.275000
0.310000
0.310000
0.325000
0.350000
0.350000
0.395000
0.440000
0.435000
0.445000
0.380000
0.420000
0.430000
0.395000
0.410000
0.435000
0.460000
0.500000
0.485000
0.495000
0.500000
0.555000
0.510000
0.535000
0.555000
0.545000
0.480000
0.555000
0.530000
0.590000
0.615000
0.600000
0.630000
0.675000
0.690000
0.710000
0.695000
0.710000
0.760000
0.725000
0.700000
0.730000
0.765000
0.720000
0.745000
0.770000
0.765000
0.785000
0.750000
0.790000
0.765000
0.810000
0.860000
0.840000
0.840000
0.815000
0.780000
0.790000
0.835000
0.865000
0.845000
0.810000
0.835000
0.850000
0.810000
0.895000
0.905000
0.805000
0.815000
0.800000
0.835000
0.910000
0.935000
0.930000
0.890000
0.935000
0.910000
0.940000
0.895000
0.850000
0.900000
0.950000
0.915000
0.935000
0.985000
0.950000
0.930000
0.940000
0.955000
0.930000
0.900000
0.905000
0.925000
0.885000
0.885000
0.905000
0.950000
0.950000
0.930000
0.955000
0.945000
0.950000
0.890000
0.925000
0.885000
0.925000
0.940000
0.935000
0.965000
0.960000
0.980000
0.980000
