0.140000
0.145000
0.150000
0.150000
0.150000
0.150000
0.150000
0.145000
0.150000
0.160000
0.155000
0.185000
0.165000
0.185000
0.205000
0.240000
0.235000
0.230000
0.250000
0.240000
0.270000
0.250000
0.230000
0.250000
0.275000
0.265000
0.320000
0.340000
0.340000
0.340000
0.365000
0.325000
0.395000
0.380000
0.355000
0.385000
0.390000
0.395000
0.445000
0.490000
0.400000
0.455000
0.490000
0.485000
0.505000
0.480000
0.535000
0.455000
0.535000
0.545000
0.585000
0.470000
0.565000
0.545000
0.625000
0.555000
0.550000
0.550000
0.560000
0.590000
0.585000
0.585000
0.580000
0.620000
0.605000
0.520000
0.660000
0.695000
0.670000
0.750000
0.700000
0.785000
0.690000
0.680000
0.710000
0.720000
0.765000
0.765000
0.765000
0.790000
0.805000
0.810000
0.790000
0.835000
0.825000
0.880000
0.850000
0.860000
0.805000
0.840000
0.815000
0.830000
0.870000
0.775000
0.850000
0.890000
0.850000
0.770000
0.850000
0.855000
0.850000
0.865000
0.705000
0.850000
0.850000
0.885000
0.895000
0.880000
0.875000
0.875000
0.880000
0.860000
0.880000
0.895000
0.900000
0.910000
0.890000
0.895000
0.920000
0.925000
0.885000
0.900000
0.890000
0.920000
0.930000
0.940000
0.910000
0.955000
0.910000
0.955000
0.950000
0.960000
0.945000
0.935000
0.930000
0.850000
0.895000
0.920000
0.895000
0.935000
0.940000
0.960000
0.960000
0.955000
0.940000
0.915000
0.905000
0.925000
0.950000
0.955000
