0.175000
0.170000
0.180000
0.185000
0.185000
0.195000
0.230000
0.205000
0.230000
0.240000
0.265000
0.270000
0.290000
0.290000
0.310000
0.330000
0.310000
0.315000
0.310000
0.330000
0.335000
0.320000
0.355000
0.385000
0.420000
0.385000
0.385000
0.390000
0.405000
0.395000
0.370000
0.440000
0.430000
0.440000
0.380000
0.405000
0.375000
0.340000
0.375000
0.365000
0.420000
0.420000
0.400000
0.405000
0.425000
0.420000
0.445000
0.490000
0.490000
0.500000
0.495000
0.550000
0.535000
0.515000
0.575000
0.555000
0.540000
0.555000
0.540000
0.540000
0.560000
0.540000
0.570000
0.530000
0.565000
0.580000
0.535000
0.570000
0.630000
0.660000
0.690000
0.615000
0.690000
0.620000
0.680000
0.655000
0.675000
0.660000
0.675000
0.675000
0.590000
0.610000
0.630000
0.685000
0.685000
0.690000
0.745000
0.725000
0.770000
0.775000
0.740000
0.775000
0.715000
0.760000
0.710000
0.800000
0.690000
0.620000
0.680000
0.720000
0.695000
0.705000
0.805000
0.770000
0.790000
0.780000
0.805000
0.820000
0.775000
0.865000
0.840000
0.810000
0.750000
0.700000
0.835000
0.810000
0.785000
0.850000
0.810000
0.845000
0.865000
0.840000
0.820000
0.825000
0.870000
0.765000
0.835000
0.850000
0.910000
0.915000
0.900000
0.880000
0.900000
0.920000
0.915000
0.915000
0.925000
0.895000
0.915000
0.885000
0.915000
0.935000
0.930000
0.880000
0.945000
0.945000
0.945000
0.960000
0.960000
0.970000
