0.180000
0.175000
0.145000
0.140000
0.145000
0.155000
0.155000
0.155000
0.155000
0.155000
0.180000
0.215000
0.225000
0.225000
0.245000
0.250000
0.250000
0.295000
0.295000
0.325000
0.340000
0.305000
0.300000
0.330000
0.280000
0.295000
0.310000
0.310000
0.310000
0.355000
0.340000
0.335000
0.340000
0.350000
0.380000
0.400000
0.370000
0.325000
0.350000
0.345000
0.365000
0.380000
0.395000
0.465000
0.420000
0.390000
0.360000
0.320000
0.370000
0.385000
0.325000
0.370000
0.375000
0.350000
0.380000
0.370000
0.385000
0.355000
0.360000
0.435000
0.415000
0.440000
0.380000
0.400000
0.420000
0.435000
0.525000
0.460000
0.405000
0.420000
0.460000
0.515000
0.465000
0.495000
0.510000
0.540000
0.545000
0.550000
0.555000
0.430000
0.415000
0.475000
0.530000
0.465000
0.455000
0.600000
0.620000
0.620000
0.635000
0.600000
0.705000
0.695000
0.635000
0.695000
0.690000
0.655000
0.675000
0.710000
0.720000
0.705000
0.720000
0.820000
0.790000
0.855000
0.785000
0.825000
0.820000
0.815000
0.845000
0.800000
0.885000
0.815000
0.775000
0.865000
0.880000
0.835000
0.810000
0.810000
0.885000
0.860000
0.890000
0.910000
0.890000
0.895000
0.920000
0.910000
0.890000
0.910000
0.930000
0.935000
0.925000
0.690000
0.700000
0.695000
0.755000
0.845000
0.885000
0.840000
0.865000
0.835000
0.860000
0.880000
0.890000
0.855000
0.925000
0.940000
0.940000
0.935000
0.945000
0.930000
