0.170000
0.180000
0.155000
0.145000
0.150000
0.145000
0.160000
0.185000
0.190000
0.190000
0.210000
0.255000
0.245000
0.275000
0.295000
0.255000
0.245000
0.275000
0.290000
0.305000
0.305000
0.300000
0.310000
0.320000
0.315000
0.330000
0.365000
0.360000
0.375000
0.375000
0.305000
0.310000
0.355000
0.330000
0.345000
0.335000
0.360000
0.330000
0.355000
0.320000
0.350000
0.345000
0.365000
0.385000
0.400000
0.400000
0.355000
0.400000
0.395000
0.385000
0.385000
0.370000
0.395000
0.435000
0.425000
0.440000
0.400000
0.425000
0.415000
0.415000
0.505000
0.455000
0.490000
0.480000
0.450000
0.550000
0.610000
0.545000
0.525000
0.620000
0.620000
0.610000
0.580000
0.650000
0.655000
0.625000
0.605000
0.620000
0.605000
0.635000
0.675000
0.565000
0.655000
0.670000
0.670000
0.680000
0.665000
0.725000
0.745000
0.700000
0.745000
0.725000
0.725000
0.745000
0.735000
0.715000
0.785000
0.785000
0.745000
0.630000
0.680000
0.655000
0.720000
0.705000
0.760000
0.810000
0.805000
0.815000
0.770000
0.735000
0.795000
0.755000
0.810000
0.745000
0.840000
0.790000
0.815000
0.880000
0.850000
0.850000
0.800000
0.785000
0.800000
0.760000
0.850000
0.820000
0.880000
0.900000
0.905000
0.895000
0.930000
0.915000
0.940000
0.910000
0.900000
0.960000
0.910000
0.905000
0.945000
0.945000
0.970000
0.935000
0.900000
0.900000
0.900000
0.920000
0.880000
0.880000
0.925000
0.865000
