0.145000
0.190000
0.195000
0.190000
0.200000
0.215000
0.195000
0.185000
0.185000
0.195000
0.230000
0.260000
0.290000
0.290000
0.340000
0.325000
0.350000
0.345000
0.390000
0.365000
0.385000
0.365000
0.365000
0.355000
0.360000
0.370000
0.345000
0.380000
0.345000
0.375000
0.405000
0.410000
0.390000
0.415000
0.415000
0.385000
0.390000
0.375000
0.395000
0.425000
0.435000
0.455000
0.435000
0.470000
0.500000
0.495000
0.475000
0.500000
0.450000
0.490000
0.465000
0.585000
0.560000
0.495000
0.450000
0.525000
0.565000
0.565000
0.545000
0.565000
0.465000
0.405000
0.480000
0.440000
0.470000
0.545000
0.505000
0.580000
0.590000
0.590000
0.640000
0.705000
0.605000
0.660000
0.685000
0.705000
0.680000
0.715000
0.690000
0.695000
0.725000
0.730000
0.740000
0.725000
0.725000
0.705000
0.765000
0.770000
0.790000
0.745000
0.810000
0.790000
0.865000
0.845000
0.865000
0.885000
0.865000
0.875000
0.900000
0.895000
0.910000
0.900000
0.880000
0.885000
0.895000
0.885000
0.730000
0.720000
0.755000
0.760000
0.810000
0.825000
0.870000
0.905000
0.840000
0.905000
0.910000
0.895000
0.895000
0.925000
0.875000
0.900000
0.915000
0.895000
0.915000
0.910000
0.915000
0.935000
0.920000
0.935000
0.935000
0.940000
0.980000
0.935000
0.955000
0.965000
0.930000
0.935000
0.940000
0.925000
0.925000
0.955000
0.965000
0.975000
0.965000
0.960000
0.975000
0.975000
0.955000
0.970000
