0.137346
0.073570
0.062785
0.062751
0.062751
0.062790
0.062712
0.062595
0.061800
0.061785
0.061451
0.061379
0.058303
0.057948
0.056118
0.055882
0.058427
0.057742
0.056890
0.056689
0.054841
0.053754
0.054010
0.050985
0.051999
0.051120
0.050215
0.049181
0.050420
0.049880
0.047172
0.048747
0.054834
0.056232
0.054370
0.052500
0.053341
0.054901
0.056453
0.056140
0.056209
0.056424
0.055038
0.054383
0.052163
0.050497
0.053841
0.050190
0.052345
0.050963
0.052455
0.052723
0.051238
0.045446
0.045176
0.047989
0.043608
0.040934
0.041435
0.039413
0.044932
0.045310
0.042206
0.041338
0.047316
0.040431
0.037367
0.037170
0.039566
0.037511
0.037309
0.029053
0.032516
0.028536
0.027050
0.025863
0.023315
0.026382
0.024506
0.024422
0.024074
0.023116
0.022841
0.019766
0.020235
0.021360
0.024991
0.021604
0.022074
0.017381
0.016854
0.016233
0.018340
0.021569
0.023059
0.018797
0.017083
0.013864
0.013830
0.020596
0.014876
0.017030
0.016019
0.011867
0.012519
0.017001
0.018543
0.019388
0.012349
0.009228
0.008029
0.007155
0.011084
0.007099
0.007244
0.006346
0.008970
0.014890
0.008346
0.008266
0.006969
0.007818
0.005643
0.005908
0.005895
0.006457
0.004225
0.008667
0.009391
0.012002
0.008013
0.010871
0.012929
0.009690
0.006371
0.007768
0.006327
0.005810
0.005432
0.005229
0.010485
0.007054
0.010723
0.006153
0.005566
0.005823
0.006247
0.003439
0.002553
0.002281
