0.087118
0.062980
0.062751
0.062712
0.062712
0.062206
0.061663
0.062544
0.062209
0.060144
0.059438
0.059545
0.058814
0.057859
0.056843
0.053947
0.057591
0.055034
0.056272
0.055887
0.054236
0.053918
0.055392
0.053290
0.053718
0.052980
0.052337
0.052408
0.053461
0.051520
0.052917
0.052152
0.052016
0.049720
0.065844
0.053422
0.054367
0.052419
0.054234
0.055078
0.049501
0.050047
0.053534
0.049498
0.052055
0.050591
0.043553
0.044456
0.044647
0.044096
0.041967
0.040371
0.040129
0.041146
0.043053
0.039062
0.042895
0.038601
0.042792
0.041751
0.039062
0.042157
0.041114
0.040371
0.039118
0.037415
0.041931
0.038589
0.036446
0.035634
0.031148
0.038659
0.028022
0.033204
0.030450
0.031954
0.031696
0.033221
0.035201
0.034322
0.043025
0.034600
0.029961
0.029770
0.025132
0.028102
0.022430
0.022563
0.025819
0.027121
0.028349
0.025786
0.033051
0.025029
0.025243
0.018987
0.035698
0.039718
0.033619
0.028188
0.029423
0.027510
0.022612
0.019534
0.019507
0.033027
0.022867
0.018044
0.020193
0.014337
0.017321
0.019410
0.024949
0.026826
0.017446
0.017553
0.018005
0.017543
0.024441
0.021833
0.012393
0.016886
0.014804
0.022851
0.013941
0.020370
0.015408
0.011974
0.011121
0.008265
0.011012
0.012142
0.010778
0.007898
0.008433
0.006423
0.007629
0.009176
0.008447
0.011393
0.007816
0.006728
0.007171
0.014243
0.008217
0.004633
0.005541
0.005552
0.003058
0.003076
