0.127990
0.072783
0.062320
0.063126
0.062676
0.062754
0.061508
0.061049
0.061151
0.060315
0.062072
0.060370
0.059076
0.057997
0.060283
0.058457
0.059947
0.056346
0.054741
0.057185
0.055211
0.054650
0.054163
0.053483
0.054877
0.053146
0.051979
0.051912
0.055014
0.053868
0.055943
0.054436
0.055433
0.053988
0.053352
0.052846
0.053268
0.053264
0.051582
0.055102
0.051036
0.051300
0.048624
0.048677
0.048851
0.050051
0.052592
0.051207
0.047270
0.050381
0.048746
0.048008
0.049889
0.049593
0.050877
0.049519
0.053949
0.052337
0.052771
0.050418
0.045581
0.049037
0.047137
0.048319
0.047756
0.042319
0.038458
0.043996
0.041635
0.034355
0.040088
0.035269
0.036276
0.032072
0.033180
0.033714
0.036024
0.030566
0.033453
0.031383
0.032696
0.038522
0.034137
0.037462
0.026014
0.028267
0.026694
0.021548
0.024531
0.026190
0.026026
0.024009
0.020498
0.026592
0.023659
0.027322
0.023157
0.021796
0.024398
0.037278
0.031808
0.029750
0.026344
0.042313
0.021222
0.017242
0.016901
0.019119
0.028242
0.023747
0.019167
0.025637
0.019049
0.021124
0.016233
0.019790
0.016748
0.013311
0.013845
0.012975
0.018484
0.018128
0.019005
0.021797
0.014394
0.014110
0.012087
0.009025
0.008530
0.010594
0.007914
0.007497
0.007346
0.009863
0.008183
0.006316
0.008296
0.007532
0.006382
0.006421
0.005040
0.007561
0.008057
0.010367
0.007463
0.009712
0.010164
0.013913
0.010317
0.009647
