0.117533
0.062705
0.062672
0.062283
0.062325
0.063283
0.062517
0.063329
0.062948
0.062556
0.061311
0.061160
0.060873
0.059934
0.059209
0.058336
0.058290
0.058256
0.057143
0.057467
0.056671
0.056163
0.056907
0.057061
0.055231
0.054940
0.054371
0.053995
0.053392
0.054731
0.048799
0.050726
0.051169
0.053621
0.053923
0.051278
0.050795
0.049773
0.049622
0.047094
0.046200
0.048048
0.046968
0.044382
0.040544
0.044867
0.040687
0.045519
0.048683
0.046383
0.042479
0.040846
0.038583
0.044134
0.044722
0.038063
0.036498
0.037114
0.038564
0.038573
0.042579
0.052449
0.044604
0.046515
0.046571
0.041235
0.043132
0.036042
0.032554
0.034354
0.036942
0.030644
0.038862
0.030754
0.028654
0.026648
0.031277
0.031701
0.030229
0.025825
0.024272
0.026570
0.033656
0.030976
0.027743
0.026979
0.031657
0.021701
0.020527
0.022781
0.017421
0.023209
0.011722
0.013250
0.012807
0.017220
0.012900
0.016090
0.010308
0.010835
0.009778
0.008956
0.010588
0.010185
0.010298
0.010785
0.042923
0.034226
0.028132
0.025019
0.014961
0.016975
0.013560
0.011943
0.013829
0.009538
0.008707
0.009669
0.010327
0.006528
0.011627
0.011182
0.008321
0.010500
0.009229
0.007912
0.008686
0.005556
0.006800
0.007454
0.005889
0.005410
0.005037
0.006185
0.006763
0.003558
0.007066
0.005583
0.006363
0.008605
0.005489
0.005590
0.002996
0.002902
0.004981
0.003303
0.005280
0.003374
0.003220
0.002941
