0.191818
0.066756
0.062830
0.062751
0.062712
0.062751
0.062751
0.062790
0.062713
0.062329
0.062714
0.061973
0.062323
0.062170
0.060649
0.062205
0.061643
0.061616
0.059707
0.060233
0.060338
0.060133
0.062464
0.059761
0.059223
0.059525
0.058373
0.057532
0.057372
0.056172
0.056690
0.054289
0.051520
0.052282
0.054819
0.051202
0.051422
0.050611
0.047187
0.048646
0.050572
0.050288
0.051062
0.046814
0.046271
0.044717
0.045645
0.050742
0.042203
0.043077
0.040855
0.046186
0.039705
0.041171
0.035440
0.040542
0.038924
0.037119
0.038067
0.041083
0.038792
0.037081
0.036768
0.035790
0.043384
0.039007
0.035131
0.031041
0.026704
0.026443
0.023815
0.025113
0.029071
0.025369
0.026808
0.023437
0.021066
0.021153
0.023725
0.017186
0.018767
0.016420
0.019153
0.016554
0.015516
0.012619
0.012168
0.014628
0.017716
0.014811
0.015615
0.015111
0.012664
0.019716
0.014240
0.010402
0.013867
0.017879
0.014647
0.014875
0.013528
0.015458
0.023992
0.016066
0.015252
0.009941
0.012048
0.010998
0.014325
0.011274
0.012047
0.012393
0.009042
0.013638
0.009500
0.007948
0.010229
0.009940
0.007340
0.006631
0.011193
0.010114
0.008222
0.006460
0.006327
0.006695
0.006977
0.006304
0.006650
0.005359
0.004564
0.003586
0.005500
0.006955
0.008139
0.015546
0.009551
0.007769
0.008285
0.006888
0.005050
0.004381
0.004467
0.005226
0.007925
0.007799
0.008638
0.010382
0.004516
0.004176
