0.160501
0.072673
0.063024
0.062897
0.062678
0.062636
0.062597
0.062480
0.062053
0.061928
0.061934
0.060384
0.060599
0.059922
0.059006
0.058782
0.058813
0.055902
0.056358
0.054670
0.055542
0.058688
0.056381
0.058170
0.054740
0.056187
0.055179
0.055045
0.053097
0.053993
0.053834
0.054301
0.053007
0.056069
0.050893
0.048685
0.055390
0.055884
0.053913
0.053007
0.049178
0.050680
0.051336
0.050236
0.051955
0.054445
0.052220
0.052566
0.049095
0.049418
0.050436
0.050014
0.050840
0.055497
0.056167
0.053764
0.053123
0.055087
0.054740
0.051236
0.050550
0.051446
0.049774
0.049960
0.050154
0.047935
0.047113
0.054768
0.050310
0.047377
0.045966
0.043662
0.042905
0.045953
0.041659
0.042366
0.041719
0.039926
0.038346
0.051133
0.049383
0.048317
0.047715
0.047063
0.044570
0.037374
0.034811
0.033853
0.034280
0.033612
0.031317
0.031840
0.034148
0.029322
0.029464
0.032258
0.029632
0.028041
0.028689
0.028371
0.024033
0.019156
0.020367
0.021619
0.020448
0.018018
0.019607
0.018243
0.015465
0.017325
0.013588
0.014737
0.016644
0.013981
0.012266
0.015757
0.016879
0.018372
0.014280
0.013320
0.010204
0.009094
0.011159
0.011978
0.010457
0.009048
0.011083
0.008363
0.008580
0.006944
0.008798
0.033869
0.024690
0.027629
0.025748
0.014466
0.013833
0.016657
0.013223
0.015702
0.013971
0.013559
0.010053
0.012662
0.008909
0.006648
0.007761
0.007718
0.004479
0.007382
