0.140000
0.255000
0.260000
0.200000
0.185000
0.180000
0.195000
0.195000
0.275000
0.285000
0.270000
0.300000
0.290000
0.295000
0.275000
0.300000
0.300000
0.310000
0.320000
0.320000
0.315000
0.315000
0.320000
0.320000
0.320000
0.320000
0.325000
0.320000
0.325000
0.325000
0.320000
0.325000
0.325000
0.320000
0.325000
0.320000
0.325000
0.325000
0.325000
0.325000
0.325000
0.325000
0.325000
0.325000
0.325000
0.325000
0.325000
0.325000
0.325000
0.325000
0.325000
0.325000
0.325000
0.325000
0.325000
0.325000
0.330000
0.335000
0.345000
0.340000
0.345000
0.355000
0.355000
0.355000
0.370000
0.400000
0.390000
0.400000
0.380000
0.400000
0.400000
0.400000
0.415000
0.415000
0.445000
0.450000
0.445000
0.460000
0.460000
0.465000
0.465000
0.475000
0.475000
0.490000
0.500000
0.520000
0.475000
0.490000
0.500000
0.475000
0.400000
0.435000
0.495000
0.425000
0.500000
0.580000
0.570000
0.610000
0.605000
0.625000
0.615000
0.590000
0.610000
0.615000
0.645000
0.635000
0.605000
0.645000
0.650000
0.640000
0.650000
0.655000
0.660000
0.660000
0.665000
0.665000
0.665000
0.660000
0.660000
0.665000
0.655000
0.665000
0.660000
0.665000
0.655000
0.665000
0.665000
0.665000
0.665000
0.665000
0.665000
0.665000
0.665000
0.665000
0.665000
0.660000
0.665000
0.660000
0.655000
0.645000
0.655000
0.660000
0.555000
0.545000
0.580000
0.620000
0.640000
0.635000
0.650000
0.635000
