0.185000
0.215000
0.315000
0.455000
0.475000
0.440000
0.440000
0.520000
0.475000
0.415000
0.460000
0.455000
0.455000
0.430000
0.445000
0.440000
0.450000
0.470000
0.455000
0.480000
0.460000
0.485000
0.480000
0.485000
0.405000
0.420000
0.420000
0.470000
0.480000
0.485000
0.480000
0.485000
0.490000
0.480000
0.495000
0.480000
0.500000
0.495000
0.495000
0.495000
0.500000
0.500000
0.500000
0.500000
0.500000
0.500000
0.500000
0.500000
0.500000
0.500000
0.500000
0.500000
0.500000
0.500000
0.500000
0.500000
0.500000
0.500000
0.500000
0.500000
0.500000
0.500000
0.500000
0.500000
0.500000
0.500000
0.500000
0.500000
0.500000
0.500000
0.500000
0.500000
0.500000
0.500000
0.500000
0.500000
0.500000
0.500000
0.500000
0.515000
0.640000
0.555000
0.515000
0.595000
0.500000
0.500000
0.500000
0.500000
0.500000
0.500000
0.500000
0.500000
0.500000
0.500000
0.500000
0.500000
0.505000
0.535000
0.590000
0.535000
0.505000
0.505000
0.545000
0.610000
0.650000
0.640000
0.650000
0.660000
0.680000
0.715000
0.730000
0.685000
0.740000
0.745000
0.740000
0.750000
0.710000
0.790000
0.795000
0.750000
0.815000
0.790000
0.815000
0.805000
0.810000
0.820000
0.805000
0.825000
0.825000
0.820000
0.820000
0.805000
0.785000
0.785000
0.810000
0.825000
0.820000
0.830000
0.830000
0.830000
0.830000
0.830000
0.825000
0.830000
0.830000
0.830000
0.830000
0.830000
0.830000
0.830000
