0.170000
0.190000
0.220000
0.285000
0.250000
0.375000
0.420000
0.490000
0.565000
0.620000
0.635000
0.680000
0.670000
0.730000
0.770000
0.780000
0.715000
0.830000
0.785000
0.800000
0.825000
0.860000
0.900000
0.890000
0.910000
0.865000
0.930000
0.925000
0.965000
0.960000
0.970000
0.950000
0.965000
0.980000
0.990000
0.990000
0.975000
0.920000
0.955000
0.945000
0.965000
0.965000
0.975000
0.995000
0.980000
0.980000
0.960000
0.980000
1.000000
0.990000
0.995000
1.000000
0.995000
1.000000
1.000000
1.000000
1.000000
1.000000
1.000000
1.000000
1.000000
1.000000
1.000000
1.000000
1.000000
1.000000
1.000000
1.000000
1.000000
1.000000
1.000000
1.000000
1.000000
1.000000
1.000000
1.000000
1.000000
1.000000
1.000000
1.000000
1.000000
1.000000
1.000000
1.000000
1.000000
1.000000
1.000000
1.000000
1.000000
1.000000
1.000000
1.000000
1.000000
1.000000
1.000000
1.000000
1.000000
1.000000
1.000000
1.000000
1.000000
1.000000
1.000000
1.000000
1.000000
1.000000
1.000000
1.000000
1.000000
1.000000
1.000000
1.000000
1.000000
1.000000
1.000000
1.000000
1.000000
1.000000
1.000000
1.000000
1.000000
1.000000
1.000000
1.000000
1.000000
1.000000
1.000000
1.000000
1.000000
1.000000
1.000000
1.000000
1.000000
1.000000
1.000000
1.000000
1.000000
1.000000
1.000000
1.000000
1.000000
1.000000
1.000000
1.000000
1.000000
1.000000
1.000000
1.000000
1.000000
1.000000
