0.612080
0.341578
0.227647
0.116348
0.114550
0.074565
0.057021
0.049929
0.042263
0.038451
0.032181
0.030830
0.030006
0.023771
0.020257
0.018859
0.026505
0.016695
0.022892
0.020643
0.013545
0.012022
0.009930
0.010045
0.011185
0.013156
0.009012
0.008117
0.005857
0.005797
0.004892
0.004934
0.003864
0.003141
0.002917
0.002802
0.005477
0.007254
0.005422
0.005821
0.003973
0.004962
0.003478
0.002754
0.002966
0.004248
0.003715
0.002429
0.001693
0.001522
0.001514
0.001807
0.000916
0.000967
0.001003
0.000916
0.000882
0.000581
0.000546
0.000397
0.000444
0.000503
0.000347
0.000449
0.000452
0.000393
0.000510
0.000513
0.000394
0.000447
0.000365
0.000349
0.000357
0.000330
0.000319
0.000267
0.000418
0.000337
0.000301
0.000333
0.000329
0.000346
0.000381
0.000317
0.000324
0.000349
0.000213
0.000231
0.000221
0.000206
0.000210
0.000183
0.000156
0.000161
0.000171
0.000150
0.000161
0.000129
0.000124
0.000203
0.000203
0.000159
0.000125
0.000156
0.000132
0.000129
0.000129
0.000112
0.000131
0.000103
0.000128
0.000122
0.000122
0.000096
0.000108
0.000113
0.000116
0.000113
0.000118
0.000109
0.000090
0.000094
0.000085
0.000088
0.000091
0.000116
0.000127
0.000095
0.000103
0.000077
0.000092
0.000086
0.000094
0.000087
0.000071
0.000092
0.000092
0.000075
0.000065
0.000070
0.000066
0.000072
0.000067
0.000075
0.000064
0.000061
0.000052
0.000058
0.000054
0.000063
