0.378209
0.100792
0.058173
0.052800
0.050918
0.048511
0.046656
0.045611
0.045558
0.049948
0.046054
0.046599
0.043962
0.049205
0.046512
0.043523
0.040628
0.038051
0.038454
0.036198
0.037431
0.037066
0.034446
0.037959
0.042136
0.038685
0.042968
0.035998
0.034310
0.034340
0.035218
0.034427
0.033653
0.036695
0.035797
0.034401
0.030482
0.035078
0.033408
0.032606
0.029948
0.033130
0.030637
0.030306
0.033013
0.031239
0.033019
0.033061
0.034413
0.031840
0.033297
0.032574
0.028185
0.029904
0.029130
0.032380
0.033310
0.033310
0.031584
0.032331
0.032475
0.033181
0.031554
0.034021
0.029879
0.032307
0.034016
0.031527
0.032308
0.030659
0.032345
0.030656
0.032307
0.031485
0.031479
0.031470
0.032386
0.031447
0.030768
0.030158
0.030754
0.028748
0.033967
0.028316
0.031000
0.032995
0.032774
0.034140
0.032504
0.029048
0.030596
0.029027
0.030667
0.033195
0.030641
0.029761
0.032265
0.029798
0.030838
0.030697
0.032514
0.029657
0.031192
0.030887
0.030885
0.026272
0.026194
0.027307
0.026623
0.023573
0.024565
0.023063
0.027006
0.020453
0.020266
0.022099
0.022481
0.017414
0.017974
0.019208
0.017442
0.017189
0.016767
0.015370
0.015027
0.016669
0.016323
0.017053
0.013760
0.014036
0.014681
0.016676
0.014960
0.016807
0.015698
0.015794
0.017466
0.013347
0.013418
0.014579
0.015704
0.013553
0.014340
0.012208
0.011568
0.012271
0.012036
0.012367
0.011595
0.011775
