0.355864
0.149516
0.062712
0.062712
0.062712
0.062712
0.062712
0.062712
0.062712
0.062712
0.062712
0.062712
0.062712
0.062634
0.062517
0.062595
0.062595
0.062478
0.062396
0.062478
0.062712
0.062712
0.062712
0.062712
0.062712
0.062712
0.062712
0.062712
0.062712
0.062712
0.062712
0.062712
0.062361
0.062401
0.062362
0.062207
0.061818
0.061584
0.060799
0.060995
0.061071
0.061189
0.061191
0.060508
0.061031
0.060281
0.060873
0.060826
0.060838
0.059111
0.059890
0.060126
0.059695
0.059462
0.058585
0.059201
0.059309
0.059155
0.058159
0.059149
0.058157
0.058583
0.058440
0.057782
0.055613
0.058238
0.057202
0.057829
0.060663
0.060042
0.059405
0.056245
0.056140
0.056307
0.057207
0.055968
0.056719
0.056963
0.055747
0.054361
0.055546
0.055313
0.053331
0.053428
0.054933
0.054727
0.053288
0.056231
0.055915
0.056275
0.054385
0.052619
0.053313
0.055009
0.054736
0.052567
0.053712
0.054862
0.052656
0.053942
0.052417
0.055886
0.054740
0.051103
0.054682
0.053525
0.051132
0.054068
0.054465
0.053375
0.053704
0.053551
0.054504
0.053973
0.052890
0.054511
0.052782
0.051753
0.053171
0.052466
0.052242
0.052234
0.052156
0.053011
0.053846
0.052145
0.053017
0.051237
0.052956
0.052089
0.052122
0.052610
0.051321
0.052830
0.053881
0.052832
0.052745
0.050229
0.053204
0.049189
0.049833
0.048596
0.048587
0.045439
0.046505
0.042606
0.044055
0.059307
0.057129
0.058757
