0.354030
0.194424
0.063210
0.062712
0.062712
0.062712
0.062712
0.062712
0.062712
0.062712
0.062712
0.062712
0.062712
0.062166
0.062544
0.061448
0.060693
0.060825
0.061302
0.059883
0.058583
0.059343
0.057903
0.057818
0.058672
0.057827
0.057137
0.057812
0.056260
0.057663
0.058805
0.055828
0.056724
0.054427
0.055091
0.056548
0.056379
0.055362
0.054976
0.054780
0.052708
0.054486
0.053596
0.053646
0.054665
0.054211
0.056603
0.055568
0.053542
0.052359
0.053414
0.053899
0.053962
0.053491
0.053018
0.051281
0.053332
0.054661
0.053081
0.051777
0.052498
0.052587
0.053021
0.052323
0.052961
0.051833
0.054199
0.054674
0.051102
0.050981
0.052587
0.053715
0.053475
0.053299
0.052004
0.053307
0.052961
0.052381
0.051034
0.051052
0.052589
0.052000
0.051854
0.051944
0.049390
0.050080
0.051095
0.051769
0.052748
0.050879
0.050045
0.051722
0.052562
0.051605
0.051630
0.052499
0.050042
0.049977
0.051688
0.051603
0.052346
0.050771
0.050650
0.050632
0.050035
0.048448
0.049421
0.049781
0.049639
0.052308
0.050992
0.051717
0.055815
0.053053
0.053442
0.053760
0.054263
0.055182
0.054634
0.053832
0.054106
0.053206
0.052638
0.049795
0.050578
0.050130
0.048284
0.047442
0.050287
0.049039
0.050927
0.051844
0.051831
0.052630
0.050187
0.051481
0.051607
0.049854
0.051914
0.049955
0.050550
0.050757
0.050803
0.049615
0.047896
0.049501
0.052069
0.052791
0.051440
0.052370
