0.420860
0.228465
0.108126
0.061963
0.062283
0.062361
0.062050
0.062325
0.058451
0.056886
0.057228
0.057263
0.057429
0.057013
0.056598
0.055991
0.056946
0.054114
0.054919
0.053760
0.053061
0.055284
0.054894
0.055087
0.053434
0.052612
0.054131
0.053407
0.052289
0.054528
0.054567
0.053057
0.053775
0.053574
0.053252
0.055069
0.054471
0.052310
0.053585
0.052967
0.053512
0.053005
0.053613
0.053550
0.053635
0.054358
0.053589
0.053421
0.053162
0.054250
0.052026
0.051823
0.054294
0.053473
0.053374
0.053428
0.053142
0.054087
0.053918
0.053181
0.053478
0.052555
0.051626
0.053296
0.050658
0.051754
0.052506
0.051339
0.051290
0.051027
0.050312
0.049737
0.050302
0.050505
0.049405
0.048921
0.049116
0.049166
0.049393
0.047766
0.047059
0.047899
0.049504
0.047548
0.047892
0.044445
0.048102
0.047970
0.047942
0.047579
0.056468
0.050022
0.046041
0.049209
0.044790
0.042704
0.038467
0.039583
0.037236
0.038741
0.039059
0.040217
0.040443
0.038231
0.038478
0.035920
0.039113
0.038192
0.037856
0.035391
0.035277
0.035977
0.034295
0.032656
0.033952
0.034331
0.032934
0.034719
0.033669
0.033317
0.034200
0.032009
0.033518
0.032237
0.034484
0.034242
0.031826
0.033751
0.031638
0.032455
0.030752
0.033304
0.032185
0.033985
0.032011
0.032462
0.032486
0.032241
0.029527
0.026030
0.026819
0.025959
0.033769
0.037012
0.033005
0.032728
0.031614
0.026360
0.027351
0.026422
