0.249497
0.062908
0.062790
0.062712
0.062712
0.063865
0.062712
0.062712
0.062595
0.062127
0.062794
0.068984
0.062712
0.062712
0.062712
0.062712
0.062712
0.062712
0.062712
0.062712
0.062244
0.062517
0.062323
0.062325
0.062493
0.061077
0.061078
0.060789
0.059194
0.062084
0.062595
0.060474
0.058180
0.058522
0.057971
0.056204
0.056788
0.057060
0.056581
0.056967
0.055832
0.054441
0.055475
0.054317
0.054747
0.054732
0.055846
0.054372
0.053829
0.054649
0.055923
0.054426
0.054518
0.054683
0.055194
0.055638
0.054251
0.055211
0.053903
0.053771
0.054545
0.052980
0.054693
0.054499
0.054341
0.051893
0.053168
0.052399
0.052181
0.053490
0.050982
0.053733
0.052740
0.051049
0.053372
0.051686
0.051793
0.051703
0.052556
0.051723
0.050972
0.051609
0.053259
0.050777
0.050723
0.052458
0.050729
0.050737
0.052385
0.053307
0.049912
0.052390
0.051545
0.050764
0.050701
0.053225
0.051563
0.051547
0.052386
0.050700
0.053212
0.052373
0.053223
0.051543
0.052378
0.051539
0.053099
0.052146
0.050962
0.051954
0.051751
0.052165
0.051004
0.051698
0.049088
0.050078
0.050186
0.048194
0.049544
0.048310
0.049218
0.049203
0.049258
0.047003
0.047724
0.049575
0.049675
0.047656
0.047800
0.047814
0.061049
0.074887
0.062712
0.062712
0.062712
0.062712
0.062712
0.062712
0.062712
0.062712
0.062712
0.062712
0.062712
0.062712
0.062712
0.062712
0.062712
0.062712
0.062712
0.062712
