0.128141
0.075411
0.071040
0.071670
0.071670
0.071670
0.071670
0.072790
0.070166
0.070847
0.069803
0.067249
0.067962
0.067346
0.062870
0.064283
0.063988
0.063775
0.060533
0.064024
0.060546
0.059913
0.058214
0.062260
0.060410
0.058296
0.058414
0.061470
0.055410
0.053855
0.053833
0.052868
0.052966
0.052644
0.055877
0.053106
0.054210
0.051785
0.051161
0.051862
0.051600
0.053786
0.049488
0.052318
0.052645
0.050429
0.051655
0.051377
0.049636
0.049690
0.047714
0.050111
0.049438
0.046932
0.050340
0.051757
0.053354
0.052197
0.050723
0.050599
0.048792
0.051295
0.051897
0.049108
0.047679
0.046383
0.047069
0.048810
0.049303
0.047275
0.048704
0.046295
0.046177
0.047395
0.048428
0.047480
0.048040
0.046671
0.043764
0.038004
0.038638
0.038598
0.037446
0.038555
0.032900
0.035396
0.029797
0.028567
0.028495
0.027657
0.027392
0.025103
0.025358
0.022833
0.024755
0.024690
0.020435
0.020351
0.022599
0.022773
0.019055
0.018051
0.018456
0.018997
0.017833
0.016329
0.019758
0.017292
0.017287
0.016080
0.014778
0.016552
0.015077
0.015364
0.016751
0.015222
0.012228
0.015493
0.013674
0.012470
0.013225
0.014227
0.011755
0.012697
0.013115
0.019861
0.029288
0.018661
0.026471
0.018446
0.013292
0.017093
0.014177
0.016828
0.019711
0.016279
0.014075
0.015344
0.012541
0.011180
0.014168
0.014014
0.012854
0.013639
0.013545
0.011502
0.013435
0.009539
0.010517
0.010849
