0.085879
0.092703
0.075487
0.074670
0.071891
0.069060
0.067309
0.067198
0.066094
0.066700
0.061605
0.062797
0.067149
0.063824
0.062507
0.064081
0.064098
0.063432
0.066084
0.059828
0.060550
0.059442
0.059369
0.059884
0.060532
0.060894
0.056003
0.055770
0.058428
0.058094
0.054281
0.054166
0.054598
0.056601
0.051392
0.054432
0.049807
0.053011
0.052416
0.053598
0.050727
0.054071
0.049534
0.048209
0.048898
0.049566
0.044661
0.047858
0.048927
0.047062
0.044399
0.046177
0.044989
0.043066
0.046694
0.047542
0.048500
0.047416
0.045518
0.048103
0.043984
0.046783
0.044635
0.045204
0.044475
0.044980
0.046037
0.044494
0.041297
0.041916
0.045721
0.043001
0.043905
0.042852
0.043595
0.043119
0.039648
0.038658
0.039318
0.039315
0.036898
0.035635
0.037821
0.039488
0.038074
0.037308
0.039211
0.033899
0.032785
0.033671
0.030966
0.032926
0.031295
0.043720
0.037756
0.049533
0.033365
0.038503
0.036127
0.031877
0.028399
0.030163
0.028024
0.024876
0.030651
0.027675
0.030014
0.027171
0.024045
0.023053
0.020246
0.028655
0.021447
0.028998
0.041059
0.026725
0.025025
0.022073
0.025902
0.021836
0.020782
0.019125
0.018182
0.017021
0.016973
0.019565
0.015187
0.015638
0.012951
0.015851
0.011809
0.012086
0.009844
0.008503
0.009502
0.009277
0.009542
0.006056
0.009260
0.003588
0.003894
0.005636
0.004914
0.003443
0.002604
0.002725
0.003933
0.003577
0.004271
0.001355
