0.078196
0.078307
0.074560
0.072904
0.074214
0.071717
0.069962
0.067525
0.066466
0.062635
0.060527
0.057084
0.056019
0.062581
0.057760
0.056420
0.056948
0.055771
0.058769
0.052454
0.053435
0.052905
0.050635
0.052517
0.048807
0.050065
0.049141
0.046859
0.050388
0.049302
0.046010
0.047238
0.050552
0.046913
0.044016
0.044921
0.041965
0.043815
0.043483
0.042971
0.042551
0.042644
0.043704
0.039584
0.036692
0.041177
0.037156
0.037494
0.036546
0.037954
0.035526
0.035406
0.038455
0.037870
0.035203
0.035725
0.034583
0.036659
0.038541
0.034040
0.033674
0.034432
0.037130
0.037177
0.031169
0.033632
0.034913
0.034522
0.032066
0.030248
0.029804
0.031673
0.027958
0.026476
0.028698
0.024809
0.027009
0.024200
0.023590
0.025212
0.024385
0.023819
0.022795
0.024633
0.017447
0.023313
0.020803
0.019821
0.021731
0.032092
0.023448
0.023305
0.017284
0.019851
0.026993
0.017866
0.017396
0.016633
0.016402
0.016265
0.013862
0.014053
0.012339
0.015612
0.014219
0.013642
0.011914
0.012971
0.011246
0.012636
0.011498
0.010374
0.010473
0.011630
0.010509
0.011300
0.009545
0.011530
0.011953
0.009299
0.009426
0.008925
0.010355
0.009616
0.009019
0.009811
0.007722
0.009108
0.008879
0.008819
0.007356
0.008943
0.007173
0.004699
0.007345
0.006662
0.010216
0.006786
0.008069
0.006300
0.008715
0.005313
0.005763
0.006825
0.008506
0.006118
0.004168
0.004563
0.004245
0.007164
