0.119424
0.087140
0.073510
0.071675
0.071828
0.071670
0.074542
0.071203
0.071762
0.071353
0.069594
0.070827
0.071596
0.070236
0.069301
0.069852
0.065167
0.074510
0.066641
0.068264
0.068496
0.066623
0.067336
0.065761
0.066049
0.066276
0.063490
0.063979
0.065828
0.064936
0.062654
0.062534
0.062464
0.062811
0.061842
0.057378
0.060265
0.057823
0.057415
0.055882
0.058015
0.057489
0.055899
0.057019
0.055804
0.056061
0.055735
0.053897
0.053723
0.056319
0.056465
0.053999
0.060833
0.058062
0.055859
0.054138
0.057014
0.057724
0.056149
0.056125
0.057231
0.053656
0.050066
0.052045
0.054199
0.053524
0.054228
0.053621
0.052775
0.053025
0.050762
0.049185
0.052304
0.049950
0.050845
0.051367
0.049168
0.048501
0.049573
0.047791
0.049107
0.050593
0.049236
0.048238
0.050737
0.045939
0.046949
0.049826
0.046959
0.046015
0.047562
0.044557
0.040441
0.042214
0.043683
0.043312
0.042153
0.043523
0.042697
0.041608
0.040042
0.041323
0.040110
0.038967
0.038189
0.035277
0.039426
0.038758
0.036644
0.036875
0.034704
0.026741
0.026591
0.028376
0.025710
0.028839
0.024546
0.028393
0.018753
0.022574
0.022473
0.022491
0.024176
0.019241
0.017328
0.019386
0.019547
0.019133
0.018377
0.016456
0.017344
0.015721
0.016853
0.017132
0.018953
0.015427
0.016167
0.016350
0.015215
0.013988
0.014555
0.012848
0.012688
0.013937
0.015202
0.015292
0.013998
0.014392
0.015904
0.013185
