0.145444
0.078248
0.075536
0.069600
0.066854
0.067464
0.068161
0.067847
0.060654
0.065332
0.061609
0.059583
0.061654
0.056299
0.054286
0.049643
0.050694
0.050652
0.052631
0.054359
0.047695
0.053126
0.045577
0.045607
0.045139
0.041255
0.043001
0.042049
0.041448
0.036400
0.040703
0.042798
0.039171
0.039085
0.035518
0.036954
0.034574
0.035804
0.038432
0.034296
0.035743
0.033028
0.032154
0.033572
0.034015
0.034298
0.030336
0.029203
0.027785
0.032140
0.028515
0.026089
0.026626
0.026709
0.028410
0.028225
0.032812
0.024695
0.023923
0.029103
0.026629
0.025273
0.028954
0.027682
0.029175
0.029539
0.027502
0.021938
0.019176
0.025282
0.021458
0.020836
0.019571
0.020612
0.022393
0.022610
0.021465
0.022343
0.019983
0.019359
0.018105
0.019943
0.020596
0.018840
0.018266
0.017711
0.019607
0.020413
0.019516
0.017500
0.020119
0.017486
0.017532
0.020106
0.020224
0.016606
0.017795
0.016682
0.017379
0.017475
0.017692
0.020267
0.015878
0.017321
0.015896
0.015550
0.016386
0.015890
0.014265
0.028299
0.018861
0.016534
0.019368
0.015856
0.017018
0.012152
0.011754
0.010809
0.021316
0.016279
0.045107
0.037442
0.035525
0.037012
0.030337
0.035102
0.026816
0.033329
0.034565
0.019355
0.027101
0.023076
0.021403
0.015718
0.007726
0.009749
0.007733
0.007583
0.008754
0.005680
0.004255
0.004831
0.002028
0.001992
0.003264
0.001799
0.002811
0.001653
0.001865
0.001787
