0.083248
0.113410
0.080818
0.072092
0.073140
0.071905
0.063938
0.064163
0.059331
0.055934
0.057043
0.054076
0.051144
0.043057
0.044120
0.046470
0.041507
0.042985
0.039968
0.039977
0.039483
0.038427
0.036507
0.034471
0.032990
0.034872
0.030868
0.033506
0.030707
0.028827
0.031176
0.028846
0.028367
0.026749
0.030485
0.021495
0.025926
0.022351
0.025297
0.023460
0.024424
0.023995
0.020425
0.022918
0.021716
0.022984
0.020737
0.019237
0.023679
0.016112
0.017545
0.019865
0.019772
0.016826
0.018160
0.020729
0.017333
0.020158
0.020398
0.018247
0.018672
0.016965
0.017573
0.014484
0.016088
0.014450
0.012242
0.010162
0.012722
0.010159
0.010345
0.009969
0.011276
0.012442
0.008839
0.006022
0.008414
0.007474
0.006731
0.006361
0.005029
0.004947
0.004309
0.004844
0.005275
0.003319
0.002273
0.001709
0.003102
0.002108
0.002148
0.003659
0.002203
0.002013
0.001383
0.001205
0.001613
0.000740
0.000715
0.001385
0.000522
0.000653
0.000308
0.001010
0.000388
0.000286
0.000264
0.001651
0.000706
0.000691
0.001578
0.000221
0.000197
0.001127
0.000677
0.001698
0.001897
0.001018
0.002931
0.002318
0.000632
0.000462
0.001873
0.000995
0.000669
0.002156
0.000407
0.001193
0.000375
0.000303
0.000408
0.000458
0.000440
0.000236
0.000190
0.000433
0.000242
0.000874
0.000187
0.001585
0.000293
0.001507
0.000215
0.001421
0.000785
0.000419
0.001557
0.000424
0.000529
0.000175
