0.185000
0.170000
0.170000
0.170000
0.170000
0.170000
0.170000
0.170000
0.170000
0.170000
0.170000
0.170000
0.170000
0.170000
0.170000
0.170000
0.170000
0.170000
0.170000
0.175000
0.175000
0.175000
0.175000
0.175000
0.175000
0.175000
0.180000
0.180000
0.185000
0.200000
0.200000
0.205000
0.215000
0.230000
0.195000
0.195000
0.220000
0.260000
0.235000
0.225000
0.235000
0.250000
0.255000
0.260000
0.200000
0.215000
0.235000
0.240000
0.245000
0.240000
0.265000
0.205000
0.170000
0.170000
0.170000
0.170000
0.170000
0.170000
0.170000
0.175000
0.175000
0.175000
0.175000
0.185000
0.180000
0.185000
0.185000
0.195000
0.265000
0.280000
0.295000
0.315000
0.265000
0.295000
0.310000
0.305000
0.340000
0.330000
0.340000
0.335000
0.340000
0.365000
0.385000
0.385000
0.380000
0.400000
0.405000
0.400000
0.390000
0.395000
0.410000
0.435000
0.430000
0.445000
0.520000
0.560000
0.590000
0.585000
0.615000
0.640000
0.620000
0.615000
0.665000
0.715000
0.675000
0.680000
0.720000
0.700000
0.580000
0.610000
0.615000
0.640000
0.645000
0.645000
0.610000
0.655000
0.670000
0.705000
0.685000
0.700000
0.685000
0.710000
0.730000
0.660000
0.695000
0.705000
0.690000
0.725000
0.705000
0.565000
0.570000
0.600000
0.615000
0.670000
0.705000
0.720000
0.735000
0.715000
0.695000
0.745000
0.735000
0.750000
0.740000
0.760000
0.765000
0.775000
0.770000
0.780000
0.780000
0.795000
