0.302235
0.114059
0.064907
0.062741
0.062054
0.061976
0.063107
0.061273
0.060131
0.059970
0.060002
0.057410
0.058615
0.053320
0.051474
0.055561
0.054768
0.052787
0.053696
0.050030
0.053129
0.050762
0.051977
0.052283
0.050595
0.049843
0.048767
0.047596
0.048911
0.048719
0.047282
0.047434
0.047435
0.045901
0.046008
0.044707
0.044566
0.044457
0.042831
0.042616
0.042305
0.044159
0.045288
0.042166
0.043414
0.041554
0.040633
0.040339
0.041176
0.038092
0.039901
0.039876
0.041777
0.041314
0.041849
0.044162
0.044612
0.042231
0.039162
0.035975
0.038151
0.036541
0.039738
0.039689
0.038117
0.033969
0.033268
0.034808
0.031794
0.030786
0.031927
0.030877
0.035437
0.032599
0.027445
0.027875
0.031498
0.028977
0.025903
0.023278
0.026535
0.041145
0.048303
0.042476
0.041381
0.034662
0.026730
0.023049
0.024763
0.028027
0.020673
0.018669
0.020499
0.019653
0.017079
0.018561
0.018356
0.016452
0.016916
0.016119
0.014562
0.017638
0.025892
0.027518
0.027569
0.028220
0.026901
0.021607
0.023142
0.018903
0.016542
0.017283
0.016315
0.016075
0.015497
0.014962
0.014982
0.012781
0.013188
0.012187
0.012830
0.012926
0.010863
0.015150
0.012250
0.010792
0.012149
0.012810
0.011707
0.012118
0.012123
0.008866
0.009195
0.006841
0.009526
0.011041
0.006926
0.004627
0.003797
0.002849
0.002909
0.002019
0.001687
0.002256
0.002268
0.001826
0.001797
0.001554
0.001374
0.001657
