0.275967
0.092399
0.062874
0.062869
0.062909
0.063032
0.062561
0.062675
0.062518
0.062641
0.062092
0.062053
0.062620
0.062287
0.062051
0.062093
0.062334
0.061043
0.060320
0.061376
0.058560
0.060423
0.060358
0.059753
0.057728
0.056546
0.058434
0.057091
0.055771
0.054834
0.055348
0.054351
0.053066
0.052194
0.053648
0.055931
0.056609
0.055361
0.054869
0.053869
0.053687
0.053224
0.052407
0.049473
0.050642
0.050539
0.050062
0.051734
0.051201
0.053026
0.052565
0.049291
0.050676
0.045734
0.048104
0.047552
0.048098
0.050702
0.043556
0.043283
0.043547
0.043158
0.041812
0.039382
0.043881
0.039527
0.042761
0.042525
0.040372
0.036455
0.036895
0.037410
0.033972
0.036814
0.034952
0.033757
0.033226
0.034210
0.042697
0.044884
0.040106
0.038774
0.035244
0.035009
0.035484
0.034505
0.039951
0.039401
0.036237
0.031630
0.030149
0.029411
0.027817
0.028678
0.028149
0.025730
0.024273
0.024224
0.026175
0.029575
0.027243
0.025172
0.023716
0.026097
0.023037
0.023801
0.022455
0.021594
0.022667
0.016596
0.015707
0.012609
0.014822
0.014013
0.018297
0.013118
0.011301
0.007062
0.010147
0.010201
0.014861
0.011593
0.008236
0.007862
0.006245
0.008102
0.011258
0.008908
0.010149
0.006772
0.003441
0.003353
0.002174
0.002343
0.001511
0.001785
0.002349
0.001778
0.001706
0.001685
0.002152
0.001797
0.006121
0.004863
0.004116
0.004747
0.002067
0.001446
0.001669
0.001304
