0.156717
0.062403
0.062712
0.062712
0.062712
0.062712
0.062712
0.062712
0.062712
0.062712
0.062712
0.062595
0.062634
0.063561
0.062595
0.062595
0.062712
0.062244
0.062128
0.061234
0.060921
0.061466
0.061978
0.061549
0.061663
0.061429
0.061157
0.060998
0.059909
0.060018
0.074414
0.062436
0.062204
0.062392
0.062441
0.062323
0.062283
0.062283
0.061817
0.061143
0.060643
0.060002
0.060357
0.061437
0.061982
0.062052
0.062249
0.062098
0.060884
0.061074
0.060824
0.060037
0.060135
0.059780
0.060163
0.059639
0.059962
0.058178
0.070489
0.061817
0.062246
0.062373
0.060887
0.061783
0.061187
0.061507
0.059863
0.061212
0.060537
0.060426
0.059949
0.060453
0.061114
0.060214
0.060798
0.059779
0.059104
0.058066
0.056508
0.057103
0.057727
0.058750
0.057730
0.057021
0.058419
0.058319
0.057072
0.057171
0.055561
0.054118
0.054965
0.054567
0.053314
0.053249
0.053546
0.053995
0.051937
0.052379
0.054564
0.051693
0.049464
0.048420
0.050776
0.048507
0.046594
0.044546
0.045414
0.044363
0.042893
0.042756
0.041963
0.041681
0.043218
0.043554
0.044762
0.043444
0.040784
0.039901
0.037755
0.034960
0.035987
0.035165
0.038530
0.037666
0.038515
0.037494
0.035526
0.032759
0.034211
0.033868
0.034066
0.031877
0.032425
0.032826
0.030980
0.030566
0.029880
0.029765
0.031014
0.030708
0.029396
0.029602
0.029096
0.030123
0.030793
0.028842
0.029758
0.029600
0.030429
0.030039
