0.136981
0.063354
0.061798
0.062160
0.061414
0.061841
0.062361
0.061328
0.062501
0.062712
0.062712
0.062712
0.062712
0.062712
0.062712
0.062712
0.062712
0.062712
0.062712
0.062595
0.062595
0.062595
0.062478
0.062478
0.062478
0.062478
0.059369
0.059638
0.057453
0.054417
0.055857
0.057707
0.055926
0.055500
0.056124
0.054478
0.056393
0.052343
0.051793
0.052862
0.054160
0.051637
0.051169
0.053701
0.052958
0.052504
0.057260
0.052443
0.051516
0.052406
0.050095
0.055916
0.053937
0.053984
0.054515
0.054666
0.051793
0.053393
0.053385
0.052067
0.055044
0.061343
0.056749
0.057822
0.055375
0.056723
0.055402
0.054742
0.053713
0.050737
0.049643
0.049763
0.050373
0.048949
0.045527
0.047737
0.043372
0.045470
0.040445
0.045525
0.041834
0.043325
0.042430
0.044579
0.043386
0.042992
0.042237
0.041298
0.043062
0.041316
0.040735
0.039440
0.040028
0.040232
0.039007
0.034861
0.036188
0.037995
0.040486
0.035783
0.035063
0.034197
0.034834
0.030868
0.031395
0.030226
0.031912
0.029507
0.038422
0.037271
0.036074
0.035669
0.035634
0.035193
0.034199
0.034819
0.032847
0.033766
0.031727
0.027140
0.028882
0.028255
0.027237
0.031045
0.028612
0.028955
0.028140
0.024732
0.027951
0.034658
0.032866
0.030168
0.029873
0.029406
0.026042
0.027015
0.025048
0.024897
0.024954
0.021883
0.021847
0.022921
0.020258
0.019770
0.022980
0.018237
0.018236
0.019690
0.018707
0.020533
