0.089755
0.062596
0.062712
0.062712
0.061915
0.063960
0.062712
0.062712
0.062712
0.062712
0.062127
0.062361
0.062361
0.062128
0.061664
0.061235
0.061157
0.060569
0.060143
0.060375
0.060052
0.059435
0.059314
0.058673
0.063489
0.062677
0.062002
0.062318
0.062079
0.061145
0.061065
0.061009
0.059391
0.058792
0.058382
0.057571
0.054874
0.057972
0.055560
0.055188
0.054270
0.054430
0.054101
0.054454
0.053043
0.053334
0.053110
0.051944
0.053055
0.051944
0.052118
0.052195
0.058269
0.053513
0.055483
0.054133
0.052905
0.051501
0.052315
0.053792
0.052414
0.051133
0.051611
0.052063
0.052173
0.050736
0.050924
0.050854
0.052401
0.052612
0.047275
0.050280
0.049377
0.048950
0.047948
0.048236
0.047810
0.047386
0.048502
0.045763
0.043994
0.046655
0.048159
0.051459
0.050856
0.046793
0.048760
0.044398
0.045239
0.044577
0.043568
0.044397
0.041828
0.042082
0.042337
0.042907
0.044721
0.042136
0.044930
0.041347
0.041109
0.040879
0.038891
0.037773
0.038421
0.040346
0.039092
0.037440
0.037225
0.037217
0.037274
0.038254
0.036322
0.036545
0.035555
0.034708
0.037830
0.037600
0.036090
0.038124
0.035692
0.034145
0.032058
0.033299
0.032369
0.034948
0.032531
0.033506
0.032019
0.029857
0.031557
0.029727
0.045199
0.046047
0.046494
0.045809
0.046641
0.043070
0.042872
0.040904
0.039300
0.040447
0.040675
0.039703
0.038801
0.037952
0.036272
0.037659
0.036402
0.034581
