0.168128
0.062677
0.063647
0.060509
0.058889
0.060587
0.057927
0.057425
0.058210
0.058238
0.057424
0.056805
0.056409
0.056767
0.055523
0.054759
0.055895
0.056059
0.055040
0.053894
0.053429
0.054447
0.053589
0.053574
0.052799
0.060597
0.056734
0.056083
0.057838
0.057288
0.056450
0.056341
0.055608
0.055090
0.055292
0.054254
0.056290
0.055400
0.055704
0.054958
0.055904
0.054856
0.054561
0.055012
0.054208
0.055120
0.054888
0.053957
0.054888
0.053133
0.053055
0.051465
0.054847
0.054139
0.053971
0.053302
0.053138
0.053142
0.054851
0.053831
0.051300
0.054647
0.053810
0.054639
0.054671
0.053784
0.053782
0.053772
0.053174
0.052086
0.053824
0.054595
0.050953
0.054516
0.054036
0.054921
0.058173
0.060514
0.061887
0.056365
0.058264
0.055952
0.055645
0.054441
0.054512
0.054079
0.054942
0.054163
0.053541
0.053790
0.052939
0.055123
0.052391
0.053349
0.053266
0.053262
0.051987
0.052166
0.050884
0.050480
0.050995
0.049437
0.050390
0.050636
0.050472
0.049257
0.048745
0.049487
0.048713
0.050249
0.050472
0.051767
0.047739
0.047182
0.046513
0.045763
0.046906
0.046388
0.043867
0.044550
0.046432
0.045814
0.044736
0.041272
0.038689
0.038723
0.038222
0.040318
0.036595
0.037576
0.040662
0.035347
0.037652
0.037449
0.036617
0.035091
0.033328
0.032335
0.030953
0.032541
0.030251
0.032579
0.028624
0.030672
0.031736
0.028761
0.032158
0.029286
0.030761
0.028340
