0.075555
0.074940
0.071945
0.068232
0.070452
0.066495
0.064700
0.067042
0.066584
0.064309
0.066163
0.065033
0.061281
0.064758
0.060856
0.059287
0.061120
0.058561
0.060122
0.058192
0.054087
0.055803
0.052762
0.049768
0.046490
0.045964
0.042694
0.050830
0.047288
0.048955
0.036197
0.037277
0.048156
0.067101
0.042226
0.051392
0.042821
0.031253
0.036222
0.033103
0.035294
0.036918
0.028442
0.029097
0.029693
0.031464
0.031632
0.025537
0.029860
0.029880
0.024667
0.024469
0.024442
0.021433
0.018161
0.015004
0.022673
0.018948
0.020227
0.014029
0.024749
0.021745
0.020959
0.011808
0.014172
0.014883
0.010189
0.026347
0.010958
0.014594
0.016256
0.016029
0.015714
0.007868
0.018265
0.011063
0.015824
0.010838
0.012261
0.014428
0.011007
0.011771
0.017207
0.024945
0.011893
0.014223
0.013657
0.009661
0.012450
0.012809
0.009585
0.011474
0.015480
0.009724
0.013652
0.008932
0.019771
0.016205
0.010193
0.009936
0.017087
0.011386
0.016208
0.018694
0.007688
0.010844
0.004804
0.004954
0.004362
0.006450
0.002194
0.005096
0.008071
0.003328
0.002566
0.005112
0.003959
0.002443
0.010288
0.011830
0.000950
0.010488
0.002348
0.003083
0.006096
0.014992
0.017560
0.016144
0.018279
0.009208
0.008592
0.004531
0.004462
0.007379
0.007130
0.003252
0.003597
0.002282
0.008152
0.007105
0.002370
0.029409
0.014298
0.028857
0.016873
0.013281
0.007243
0.034038
0.014157
0.006579
