0.070705
0.072308
0.069537
0.066798
0.068806
0.065398
0.063056
0.062674
0.060589
0.059268
0.054378
0.057890
0.059913
0.055663
0.054315
0.051841
0.049708
0.051438
0.044454
0.050257
0.053941
0.044708
0.048628
0.044942
0.043038
0.041235
0.042190
0.041368
0.039154
0.033577
0.035869
0.035098
0.033452
0.032769
0.035825
0.038448
0.029251
0.046536
0.027332
0.030737
0.031294
0.030661
0.028485
0.032290
0.025822
0.022824
0.022939
0.027547
0.028080
0.041618
0.028098
0.034189
0.028352
0.028262
0.022256
0.026940
0.024159
0.020984
0.018667
0.022248
0.024301
0.020398
0.015614
0.024554
0.021120
0.017230
0.014176
0.016437
0.018696
0.017502
0.030980
0.021696
0.019420
0.017061
0.022900
0.024938
0.033765
0.025880
0.030928
0.025159
0.022717
0.026343
0.022029
0.023673
0.016720
0.022287
0.013600
0.022433
0.015520
0.018137
0.012034
0.008766
0.009636
0.017659
0.013278
0.006684
0.011286
0.018459
0.013817
0.011839
0.014655
0.012721
0.006937
0.012775
0.007612
0.007231
0.006704
0.004962
0.010761
0.009077
0.014659
0.011292
0.004620
0.003442
0.008828
0.007760
0.004240
0.003829
0.003058
0.004934
0.003420
0.003962
0.003007
0.003075
0.005918
0.005067
0.001670
0.004001
0.004396
0.002135
0.003527
0.005781
0.005010
0.007458
0.015562
0.009696
0.008536
0.014897
0.012562
0.020580
0.008177
0.014292
0.004588
0.002800
0.026963
0.006567
0.029588
0.009942
0.017773
0.013104
