0.081595
0.074738
0.070617
0.070629
0.070987
0.066353
0.066855
0.067066
0.067039
0.062457
0.063504
0.061539
0.065528
0.062452
0.059137
0.063276
0.058248
0.059322
0.057725
0.057638
0.057026
0.058586
0.053862
0.056348
0.056851
0.055773
0.052937
0.051957
0.050841
0.055200
0.049675
0.057709
0.057655
0.054428
0.056533
0.055180
0.050573
0.043851
0.049102
0.041559
0.044510
0.042142
0.043451
0.040380
0.036941
0.039825
0.040711
0.040162
0.045832
0.036708
0.038179
0.034641
0.033093
0.031082
0.031511
0.029660
0.029090
0.032405
0.025770
0.042071
0.027154
0.029027
0.029122
0.024680
0.031813
0.025162
0.027436
0.033042
0.024364
0.023331
0.020307
0.021235
0.026304
0.020388
0.031928
0.028241
0.020246
0.023128
0.025986
0.018522
0.019104
0.021647
0.014418
0.016988
0.018069
0.023541
0.018891
0.020242
0.014392
0.011485
0.013791
0.010465
0.013434
0.018369
0.017542
0.013395
0.013524
0.012967
0.010640
0.012956
0.011360
0.011706
0.012015
0.015895
0.013450
0.015650
0.014241
0.009554
0.008801
0.025254
0.015527
0.013375
0.014476
0.012814
0.015132
0.019970
0.015483
0.014829
0.012245
0.016121
0.024337
0.013272
0.009774
0.011349
0.014323
0.013325
0.012263
0.012605
0.011517
0.008279
0.005835
0.013534
0.009334
0.007552
0.009009
0.008218
0.009317
0.012125
0.006298
0.005801
0.010257
0.005267
0.024727
0.004957
0.028337
0.013091
0.026119
0.016633
0.022724
0.015751
