0.075359
0.071908
0.072766
0.072691
0.070172
0.065138
0.064591
0.067924
0.061578
0.062831
0.062317
0.061487
0.062827
0.058229
0.054260
0.056369
0.058355
0.056148
0.055115
0.051608
0.049697
0.046477
0.047185
0.042026
0.043879
0.045203
0.039029
0.043074
0.038290
0.034521
0.036936
0.038190
0.033787
0.035716
0.032312
0.038688
0.026421
0.034688
0.032983
0.033211
0.028450
0.046665
0.037720
0.057283
0.031002
0.037291
0.028736
0.028702
0.029446
0.026860
0.027768
0.026400
0.028163
0.023101
0.021632
0.019690
0.020152
0.017166
0.021140
0.026695
0.024881
0.023177
0.026491
0.022030
0.017994
0.016665
0.018282
0.019544
0.016890
0.014810
0.011853
0.012411
0.009505
0.012256
0.010638
0.011287
0.010193
0.009466
0.015174
0.006542
0.021577
0.006410
0.014186
0.009938
0.007771
0.008786
0.007263
0.013478
0.006486
0.004320
0.007964
0.009087
0.004897
0.008712
0.007794
0.005762
0.012046
0.009357
0.013179
0.011906
0.017338
0.011164
0.030567
0.013655
0.015179
0.008780
0.015895
0.011660
0.009040
0.004132
0.006126
0.007978
0.005911
0.008132
0.008622
0.003240
0.003657
0.004482
0.007407
0.003010
0.002819
0.001906
0.005536
0.010062
0.008144
0.009288
0.004216
0.002003
0.005686
0.006274
0.003521
0.005351
0.003699
0.001198
0.003818
0.007326
0.003090
0.002978
0.002977
0.002848
0.000614
0.000849
0.000645
0.000920
0.001647
0.001097
0.001021
0.000576
0.000780
0.000462
