0.073942
0.071483
0.071679
0.073073
0.070744
0.069299
0.064829
0.067665
0.064707
0.064041
0.060338
0.061346
0.060966
0.060624
0.056893
0.059043
0.057630
0.055992
0.056340
0.055839
0.057807
0.056181
0.049437
0.054077
0.054711
0.050135
0.048869
0.052087
0.049917
0.046215
0.043321
0.043468
0.041327
0.040819
0.043808
0.034387
0.029579
0.034867
0.033571
0.032027
0.031130
0.040385
0.028925
0.032488
0.033055
0.025444
0.027338
0.029844
0.026525
0.028597
0.031423
0.025979
0.027371
0.023111
0.020705
0.019540
0.027192
0.051425
0.023805
0.043672
0.026880
0.030972
0.029939
0.017740
0.031522
0.025433
0.021882
0.027086
0.020975
0.017796
0.023237
0.017801
0.019856
0.019692
0.018811
0.014353
0.021880
0.015334
0.018740
0.018300
0.011520
0.014157
0.016868
0.012409
0.012954
0.010980
0.010804
0.009138
0.008526
0.010574
0.007714
0.008015
0.006260
0.019018
0.009063
0.011570
0.010001
0.008642
0.008096
0.010951
0.006405
0.009005
0.008115
0.006914
0.005336
0.005120
0.009332
0.004436
0.006703
0.008553
0.002990
0.006504
0.007400
0.003551
0.007810
0.004516
0.010050
0.006725
0.007527
0.005045
0.014275
0.005234
0.006189
0.010370
0.003487
0.003794
0.006641
0.009762
0.001109
0.002866
0.007016
0.003779
0.004053
0.003176
0.003282
0.004566
0.001307
0.005039
0.006844
0.002647
0.003849
0.000825
0.003445
0.002387
0.001151
0.000403
0.005593
0.001681
0.001421
0.000868
