0.072686
0.072522
0.070839
0.070651
0.064073
0.063865
0.064306
0.063862
0.064130
0.062114
0.060022
0.059505
0.057020
0.057303
0.050874
0.048699
0.052490
0.049724
0.053933
0.053776
0.047567
0.042896
0.041605
0.041847
0.040823
0.037698
0.038639
0.037283
0.035724
0.031052
0.038575
0.038021
0.027346
0.031814
0.034989
0.025965
0.034450
0.028789
0.033270
0.039461
0.045484
0.038405
0.041284
0.029092
0.034137
0.027061
0.039073
0.034644
0.030545
0.029331
0.024228
0.023261
0.031783
0.029847
0.021856
0.033398
0.025448
0.024828
0.018665
0.018544
0.017473
0.020378
0.019414
0.039057
0.025490
0.012456
0.017696
0.018638
0.015236
0.034731
0.014615
0.028389
0.020685
0.025604
0.024538
0.015184
0.018160
0.020144
0.012635
0.023947
0.016805
0.009707
0.021901
0.019989
0.013945
0.020997
0.037206
0.026294
0.022880
0.020926
0.020820
0.024760
0.016262
0.011595
0.016875
0.021728
0.026804
0.021313
0.013727
0.017997
0.013752
0.023849
0.012224
0.029732
0.012022
0.014310
0.008435
0.013368
0.008638
0.013742
0.011517
0.011805
0.012283
0.006084
0.026799
0.018618
0.005071
0.026525
0.027110
0.014811
0.014532
0.006737
0.008000
0.011046
0.015230
0.011903
0.017027
0.009042
0.028764
0.012094
0.023084
0.033873
0.026127
0.013397
0.031474
0.024900
0.037405
0.046663
0.031135
0.037167
0.030629
0.017165
0.016103
0.014274
0.011236
0.014770
0.012589
0.025373
0.009859
0.009945
