0.155000
0.170000
0.155000
0.225000
0.250000
0.265000
0.280000
0.290000
0.290000
0.295000
0.305000
0.295000
0.365000
0.370000
0.355000
0.365000
0.395000
0.405000
0.385000
0.425000
0.405000
0.445000
0.430000
0.440000
0.450000
0.450000
0.465000
0.455000
0.460000
0.455000
0.475000
0.455000
0.465000
0.470000
0.465000
0.475000
0.470000
0.470000
0.465000
0.470000
0.455000
0.470000
0.480000
0.480000
0.475000
0.480000
0.465000
0.480000
0.480000
0.480000
0.475000
0.475000
0.480000
0.480000
0.480000
0.475000
0.480000
0.480000
0.480000
0.475000
0.480000
0.480000
0.480000
0.480000
0.480000
0.480000
0.480000
0.480000
0.480000
0.475000
0.480000
0.480000
0.485000
0.490000
0.500000
0.490000
0.510000
0.520000
0.515000
0.515000
0.530000
0.505000
0.545000
0.550000
0.545000
0.550000
0.555000
0.550000
0.565000
0.570000
0.565000
0.580000
0.585000
0.575000
0.575000
0.590000
0.590000
0.595000
0.560000
0.590000
0.575000
0.575000
0.585000
0.540000
0.395000
0.365000
0.385000
0.405000
0.435000
0.425000
0.545000
0.580000
0.575000
0.555000
0.550000
0.570000
0.595000
0.590000
0.610000
0.620000
0.615000
0.650000
0.620000
0.605000
0.610000
0.640000
0.630000
0.700000
0.720000
0.720000
0.655000
0.720000
0.685000
0.690000
0.750000
0.725000
0.770000
0.765000
0.765000
0.775000
0.750000
0.785000
0.785000
0.785000
0.800000
0.795000
0.810000
0.790000
0.800000
0.790000
