0.115000
0.195000
0.185000
0.180000
0.185000
0.200000
0.180000
0.180000
0.180000
0.180000
0.180000
0.180000
0.185000
0.185000
0.185000
0.185000
0.185000
0.210000
0.225000
0.190000
0.205000
0.235000
0.245000
0.250000
0.245000
0.220000
0.245000
0.250000
0.195000
0.250000
0.200000
0.240000
0.260000
0.270000
0.260000
0.270000
0.320000
0.295000
0.310000
0.320000
0.370000
0.380000
0.365000
0.410000
0.415000
0.440000
0.435000
0.395000
0.430000
0.435000
0.445000
0.470000
0.465000
0.460000
0.480000
0.450000
0.445000
0.480000
0.370000
0.455000
0.445000
0.475000
0.450000
0.505000
0.495000
0.500000
0.485000
0.490000
0.465000
0.500000
0.500000
0.495000
0.490000
0.490000
0.505000
0.500000
0.505000
0.480000
0.485000
0.500000
0.490000
0.505000
0.500000
0.495000
0.505000
0.495000
0.495000
0.480000
0.495000
0.500000
0.500000
0.500000
0.485000
0.500000
0.540000
0.615000
0.675000
0.695000
0.700000
0.725000
0.700000
0.715000
0.760000
0.750000
0.670000
0.710000
0.725000
0.770000
0.790000
0.780000
0.735000
0.690000
0.750000
0.735000
0.710000
0.785000
0.755000
0.795000
0.805000
0.830000
0.825000
0.810000
0.830000
0.820000
0.800000
0.765000
0.805000
0.815000
0.830000
0.830000
0.835000
0.825000
0.830000
0.835000
0.830000
0.835000
0.830000
0.830000
0.835000
0.835000
0.805000
0.810000
0.815000
0.835000
0.850000
0.885000
0.820000
0.815000
0.830000
0.870000
