0.170000
0.165000
0.165000
0.170000
0.185000
0.220000
0.215000
0.200000
0.220000
0.265000
0.245000
0.225000
0.255000
0.290000
0.275000
0.300000
0.325000
0.290000
0.320000
0.310000
0.315000
0.325000
0.300000
0.325000
0.335000
0.325000
0.325000
0.340000
0.340000
0.325000
0.340000
0.340000
0.325000
0.335000
0.330000
0.340000
0.340000
0.340000
0.340000
0.340000
0.345000
0.345000
0.345000
0.340000
0.350000
0.350000
0.345000
0.385000
0.420000
0.380000
0.385000
0.480000
0.430000
0.480000
0.455000
0.455000
0.420000
0.495000
0.505000
0.520000
0.565000
0.575000
0.615000
0.545000
0.565000
0.605000
0.630000
0.625000
0.590000
0.665000
0.635000
0.635000
0.615000
0.635000
0.660000
0.630000
0.695000
0.715000
0.715000
0.720000
0.730000
0.785000
0.745000
0.750000
0.785000
0.790000
0.750000
0.820000
0.810000
0.655000
0.835000
0.780000
0.835000
0.860000
0.920000
0.925000
0.890000
0.900000
0.955000
0.965000
0.970000
0.975000
0.925000
0.740000
0.850000
0.845000
0.870000
0.925000
0.920000
0.940000
0.965000
0.960000
0.965000
0.970000
0.990000
0.980000
0.990000
0.995000
0.995000
0.995000
0.990000
0.995000
0.985000
0.995000
1.000000
1.000000
1.000000
1.000000
1.000000
1.000000
1.000000
1.000000
0.995000
0.995000
0.990000
0.990000
0.990000
0.985000
0.990000
0.995000
0.980000
1.000000
0.990000
0.995000
1.000000
1.000000
0.995000
1.000000
1.000000
1.000000
