0.155000
0.195000
0.280000
0.290000
0.300000
0.275000
0.310000
0.305000
0.320000
0.320000
0.330000
0.280000
0.325000
0.295000
0.330000
0.315000
0.330000
0.325000
0.325000
0.330000
0.320000
0.335000
0.330000
0.330000
0.335000
0.330000
0.335000
0.325000
0.335000
0.335000
0.335000
0.335000
0.335000
0.335000
0.335000
0.375000
0.390000
0.385000
0.425000
0.455000
0.375000
0.475000
0.450000
0.440000
0.465000
0.455000
0.425000
0.470000
0.460000
0.465000
0.460000
0.485000
0.480000
0.490000
0.480000
0.580000
0.560000
0.575000
0.540000
0.605000
0.605000
0.600000
0.620000
0.640000
0.635000
0.640000
0.625000
0.640000
0.655000
0.610000
0.595000
0.645000
0.645000
0.650000
0.645000
0.650000
0.675000
0.620000
0.670000
0.670000
0.660000
0.665000
0.665000
0.665000
0.670000
0.660000
0.685000
0.640000
0.680000
0.665000
0.600000
0.600000
0.640000
0.635000
0.655000
0.660000
0.640000
0.665000
0.680000
0.675000
0.680000
0.665000
0.675000
0.685000
0.680000
0.690000
0.680000
0.675000
0.720000
0.770000
0.785000
0.770000
0.770000
0.805000
0.795000
0.815000
0.795000
0.800000
0.790000
0.830000
0.825000
0.830000
0.815000
0.825000
0.830000
0.835000
0.865000
0.930000
0.890000
0.825000
0.810000
0.815000
0.895000
0.940000
0.925000
0.945000
0.975000
0.960000
0.975000
0.910000
0.885000
0.905000
0.900000
0.845000
0.880000
0.920000
0.975000
0.980000
0.990000
0.985000
