0.160000
0.140000
0.170000
0.160000
0.160000
0.155000
0.155000
0.155000
0.170000
0.190000
0.205000
0.165000
0.165000
0.240000
0.205000
0.230000
0.265000
0.255000
0.270000
0.265000
0.275000
0.250000
0.285000
0.305000
0.245000
0.295000
0.295000
0.295000
0.300000
0.290000
0.310000
0.310000
0.300000
0.305000
0.295000
0.280000
0.295000
0.305000
0.305000
0.315000
0.315000
0.310000
0.330000
0.375000
0.400000
0.385000
0.425000
0.385000
0.405000
0.420000
0.480000
0.465000
0.435000
0.305000
0.340000
0.370000
0.385000
0.340000
0.520000
0.540000
0.595000
0.535000
0.575000
0.600000
0.645000
0.645000
0.635000
0.620000
0.675000
0.580000
0.645000
0.640000
0.655000
0.715000
0.725000
0.700000
0.730000
0.705000
0.765000
0.745000
0.775000
0.760000
0.735000
0.735000
0.765000
0.780000
0.790000
0.770000
0.750000
0.785000
0.800000
0.800000
0.820000
0.795000
0.815000
0.820000
0.835000
0.820000
0.830000
0.825000
0.825000
0.820000
0.835000
0.835000
0.830000
0.820000
0.820000
0.830000
0.830000
0.835000
0.835000
0.840000
0.830000
0.905000
0.905000
0.915000
0.935000
0.920000
0.960000
0.945000
0.945000
0.985000
0.995000
0.980000
0.985000
0.980000
0.950000
0.975000
0.935000
0.850000
0.855000
0.910000
0.915000
0.915000
0.875000
0.960000
0.955000
0.940000
0.975000
0.980000
0.990000
0.990000
1.000000
1.000000
1.000000
0.995000
1.000000
1.000000
1.000000
1.000000
