0.175334
0.064440
0.062712
0.062634
0.061372
0.061610
0.060263
0.061508
0.061103
0.057152
0.059189
0.061266
0.057811
0.055787
0.055998
0.056133
0.054945
0.054604
0.056640
0.054251
0.053770
0.052837
0.052506
0.054076
0.053994
0.051526
0.052551
0.052781
0.052119
0.052768
0.051936
0.051692
0.051817
0.052288
0.051383
0.050376
0.050342
0.050600
0.050540
0.050844
0.048430
0.049894
0.049024
0.048935
0.049694
0.049440
0.048056
0.045078
0.043746
0.045572
0.042348
0.044328
0.047027
0.044660
0.045607
0.044513
0.043879
0.045058
0.040995
0.038669
0.036719
0.035928
0.036569
0.035583
0.037584
0.032867
0.031988
0.031803
0.032426
0.029928
0.031388
0.031800
0.032634
0.030640
0.032282
0.029936
0.029490
0.024809
0.026502
0.025730
0.022277
0.021652
0.025841
0.022077
0.021016
0.018592
0.026172
0.020189
0.021743
0.030159
0.020938
0.018372
0.015513
0.010209
0.006746
0.010145
0.010427
0.007477
0.006879
0.004398
0.004602
0.004185
0.010835
0.026194
0.015934
0.014613
0.011160
0.008034
0.009368
0.006158
0.004819
0.004433
0.004023
0.003764
0.002675
0.002733
0.002361
0.001599
0.001854
0.001600
0.001446
0.001653
0.001509
0.001104
0.001066
0.000738
0.000784
0.000727
0.000593
0.000692
0.000663
0.000609
0.000795
0.000597
0.000859
0.003185
0.001432
0.003176
0.001416
0.001578
0.001245
0.000829
0.000783
0.000871
0.000493
0.000566
0.000540
0.000374
0.000505
0.000306
