0.138028
0.063945
0.063205
0.064122
0.059998
0.058130
0.057934
0.057467
0.057508
0.057568
0.056091
0.056016
0.055074
0.053641
0.052898
0.053362
0.053445
0.050348
0.049623
0.046616
0.048716
0.046214
0.047118
0.046622
0.047661
0.047567
0.046902
0.046857
0.046069
0.046493
0.047252
0.044494
0.045525
0.044685
0.042638
0.043889
0.045280
0.044832
0.044556
0.044358
0.043297
0.045826
0.044981
0.042546
0.043518
0.042914
0.042983
0.044226
0.044605
0.042411
0.042976
0.043110
0.042516
0.043355
0.042380
0.040736
0.042317
0.043032
0.042992
0.042503
0.041313
0.043013
0.043064
0.042153
0.044597
0.042967
0.041278
0.042157
0.041321
0.043031
0.043014
0.042113
0.042943
0.044226
0.041077
0.043661
0.044486
0.044537
0.041391
0.043909
0.042937
0.042657
0.040905
0.040413
0.040766
0.042319
0.039646
0.042322
0.038635
0.038351
0.038970
0.039653
0.038266
0.038215
0.039315
0.039730
0.039330
0.039892
0.038537
0.037479
0.039061
0.039600
0.037238
0.043774
0.051219
0.051686
0.052730
0.050783
0.048644
0.050146
0.043651
0.041486
0.037980
0.038157
0.038492
0.040220
0.039192
0.038987
0.036260
0.036696
0.036081
0.036205
0.036752
0.036549
0.032441
0.032579
0.031672
0.031816
0.031572
0.032510
0.035127
0.033092
0.029433
0.034303
0.029918
0.028620
0.027972
0.026904
0.027658
0.027309
0.027556
0.027615
0.024693
0.027284
0.024864
0.025199
0.026080
0.027021
0.026485
0.023945
