0.115831
0.062752
0.062673
0.062831
0.064501
0.062323
0.062712
0.062712
0.062712
0.062712
0.062712
0.062712
0.062595
0.062595
0.062595
0.062595
0.062595
0.062327
0.062169
0.062127
0.062128
0.061628
0.061307
0.061393
0.061249
0.061816
0.060756
0.061124
0.062518
0.061511
0.062481
0.061309
0.060872
0.060754
0.060266
0.060159
0.057384
0.059784
0.058711
0.055531
0.055098
0.055030
0.056013
0.053166
0.052861
0.049090
0.050882
0.052662
0.052082
0.051807
0.050672
0.050112
0.048293
0.048295
0.046979
0.049682
0.050158
0.048777
0.051362
0.049142
0.047915
0.045665
0.045876
0.044398
0.046936
0.047127
0.046488
0.047925
0.046435
0.047872
0.044146
0.045411
0.047198
0.045502
0.044317
0.045441
0.044674
0.045211
0.047523
0.044146
0.043589
0.043444
0.041927
0.042922
0.043893
0.043363
0.045368
0.041671
0.041856
0.041854
0.043027
0.042181
0.042384
0.038512
0.033282
0.034944
0.028249
0.025372
0.027923
0.025743
0.027600
0.029208
0.022284
0.029824
0.030332
0.022653
0.021439
0.025340
0.020816
0.022563
0.025934
0.027859
0.027487
0.024544
0.023232
0.027821
0.020890
0.023025
0.016752
0.016962
0.016482
0.015983
0.015144
0.017251
0.022847
0.019560
0.019115
0.016304
0.016297
0.014445
0.016284
0.014255
0.013365
0.014384
0.012884
0.012499
0.012327
0.012158
0.011259
0.012375
0.014316
0.014976
0.013422
0.011974
0.012035
0.012942
0.015530
0.018314
0.016588
0.013302
