0.117744
0.061571
0.058817
0.057796
0.055740
0.057963
0.050856
0.051254
0.047796
0.046792
0.048259
0.047925
0.048302
0.047785
0.044805
0.047686
0.049895
0.047139
0.046980
0.047357
0.045787
0.045544
0.046350
0.046122
0.046084
0.045035
0.045227
0.043863
0.043884
0.042965
0.042778
0.043404
0.043097
0.042688
0.043583
0.042958
0.042876
0.042626
0.038276
0.042072
0.041005
0.039054
0.038485
0.040594
0.037419
0.038940
0.040641
0.036388
0.037558
0.039803
0.040643
0.037495
0.034287
0.038332
0.038340
0.034969
0.033104
0.034408
0.035778
0.034610
0.033805
0.033861
0.032713
0.030026
0.030897
0.033094
0.032746
0.031332
0.030287
0.028867
0.030238
0.030752
0.028835
0.026812
0.027789
0.029453
0.026011
0.028897
0.023227
0.025782
0.023505
0.027772
0.025898
0.026526
0.023609
0.026558
0.025309
0.026340
0.026259
0.025278
0.033893
0.031265
0.034252
0.029173
0.027049
0.027416
0.027202
0.024340
0.024938
0.023074
0.023773
0.025887
0.023223
0.023084
0.022140
0.021385
0.023434
0.023253
0.021332
0.020136
0.022175
0.018683
0.019121
0.020284
0.017194
0.018852
0.018249
0.018332
0.018251
0.015860
0.014756
0.015484
0.015260
0.014963
0.012764
0.014075
0.010569
0.007873
0.013441
0.014663
0.017372
0.016675
0.010853
0.007648
0.007012
0.005270
0.004285
0.004218
0.004148
0.010035
0.012877
0.007095
0.009866
0.012592
0.009224
0.007199
0.004393
0.002103
0.001960
0.002934
