0.080862
0.062949
0.062595
0.062712
0.062712
0.062712
0.062712
0.062712
0.062712
0.062712
0.062712
0.062595
0.062478
0.062637
0.062050
0.062090
0.061978
0.062172
0.062208
0.062210
0.065124
0.063257
0.062595
0.062712
0.062712
0.063652
0.062712
0.062751
0.062751
0.062675
0.062014
0.062132
0.061778
0.061545
0.062165
0.062636
0.062597
0.062129
0.061701
0.062250
0.061667
0.061972
0.061099
0.060554
0.060474
0.060050
0.059569
0.059395
0.058446
0.058886
0.058129
0.058648
0.059480
0.058548
0.057566
0.057281
0.056637
0.058767
0.057301
0.056693
0.055922
0.059201
0.057685
0.059188
0.057686
0.057694
0.056419
0.057846
0.055849
0.055234
0.052584
0.054341
0.051837
0.053930
0.056981
0.053219
0.054968
0.055933
0.055730
0.056510
0.055015
0.052381
0.054243
0.050602
0.050056
0.048030
0.048418
0.049027
0.049813
0.049781
0.049702
0.049361
0.047557
0.046301
0.046389
0.048561
0.046035
0.046714
0.044073
0.044727
0.042919
0.044509
0.044912
0.044812
0.042418
0.045683
0.043948
0.045015
0.045722
0.043710
0.042377
0.042127
0.041778
0.041439
0.041472
0.043338
0.040813
0.041255
0.042012
0.048136
0.044961
0.045503
0.042628
0.040128
0.039981
0.042519
0.041909
0.046004
0.041354
0.039577
0.036721
0.033668
0.032832
0.032354
0.030647
0.031331
0.031983
0.028213
0.030845
0.027506
0.028305
0.027129
0.030755
0.025267
0.027917
0.026801
0.027959
0.029555
0.027331
0.024798
