0.183990
0.063067
0.062934
0.062634
0.062595
0.062712
0.062712
0.062712
0.062361
0.062003
0.061762
0.062478
0.062478
0.059716
0.061762
0.060083
0.057546
0.058230
0.059365
0.057632
0.055194
0.056570
0.055698
0.053514
0.056411
0.054648
0.054480
0.055302
0.053589
0.051801
0.053866
0.053843
0.051012
0.053546
0.053928
0.053780
0.052332
0.052013
0.054339
0.052070
0.053195
0.054186
0.051663
0.055146
0.051304
0.050956
0.050455
0.051885
0.052211
0.052054
0.048026
0.049388
0.052810
0.056050
0.055799
0.055016
0.055481
0.056940
0.046207
0.042590
0.042622
0.041334
0.038078
0.037543
0.035889
0.036819
0.037220
0.037167
0.036890
0.037611
0.036309
0.031682
0.034244
0.036610
0.031042
0.029601
0.029273
0.027769
0.025497
0.024448
0.022625
0.023714
0.024210
0.024153
0.019509
0.020744
0.018921
0.020695
0.020595
0.018669
0.017859
0.017061
0.017485
0.015962
0.017313
0.017060
0.013451
0.015915
0.014691
0.014744
0.015019
0.014512
0.012444
0.015027
0.013794
0.013319
0.013736
0.013411
0.013140
0.015121
0.012057
0.011615
0.012288
0.010486
0.010124
0.007355
0.006436
0.008460
0.005090
0.004313
0.004974
0.003072
0.001858
0.002296
0.001467
0.002042
0.004331
0.004055
0.007177
0.014615
0.013438
0.009143
0.009669
0.008794
0.016010
0.004381
0.004084
0.005833
0.004954
0.002215
0.002191
0.001496
0.000780
0.000969
0.000587
0.000964
0.000626
0.000389
0.000392
0.000353
