0.150000
0.175000
0.175000
0.165000
0.150000
0.175000
0.210000
0.220000
0.215000
0.235000
0.205000
0.215000
0.250000
0.280000
0.310000
0.295000
0.295000
0.315000
0.270000
0.270000
0.290000
0.335000
0.305000
0.250000
0.250000
0.275000
0.360000
0.305000
0.335000
0.355000
0.320000
0.375000
0.320000
0.360000
0.375000
0.370000
0.415000
0.430000
0.415000
0.415000
0.390000
0.385000
0.395000
0.430000
0.475000
0.440000
0.450000
0.480000
0.450000
0.440000
0.475000
0.525000
0.510000
0.500000
0.485000
0.495000
0.460000
0.470000
0.480000
0.500000
0.500000
0.575000
0.640000
0.650000
0.635000
0.625000
0.570000
0.640000
0.675000
0.675000
0.700000
0.645000
0.700000
0.675000
0.710000
0.750000
0.740000
0.685000
0.690000
0.755000
0.785000
0.810000
0.710000
0.735000
0.780000
0.840000
0.835000
0.780000
0.790000
0.830000
0.795000
0.785000
0.845000
0.840000
0.830000
0.835000
0.855000
0.910000
0.890000
0.840000
0.870000
0.865000
0.825000
0.775000
0.810000
0.750000
0.745000
0.790000
0.805000
0.865000
0.885000
0.890000
0.880000
0.860000
0.905000
0.915000
0.860000
0.800000
0.860000
0.855000
0.925000
0.880000
0.910000
0.920000
0.895000
0.950000
0.870000
0.930000
0.925000
0.915000
0.920000
0.870000
0.875000
0.780000
0.825000
0.920000
0.920000
0.920000
0.945000
0.960000
0.960000
0.940000
0.900000
0.885000
0.855000
0.850000
0.920000
0.920000
0.930000
0.955000
