0.125000
0.170000
0.170000
0.175000
0.175000
0.175000
0.175000
0.175000
0.175000
0.175000
0.175000
0.175000
0.190000
0.180000
0.210000
0.180000
0.175000
0.185000
0.195000
0.210000
0.210000
0.210000
0.245000
0.295000
0.300000
0.325000
0.380000
0.345000
0.395000
0.370000
0.340000
0.385000
0.355000
0.420000
0.355000
0.365000
0.415000
0.375000
0.460000
0.485000
0.500000
0.415000
0.430000
0.360000
0.415000
0.430000
0.430000
0.450000
0.515000
0.570000
0.575000
0.610000
0.550000
0.590000
0.595000
0.590000
0.560000
0.550000
0.615000
0.625000
0.600000
0.655000
0.700000
0.630000
0.645000
0.655000
0.635000
0.640000
0.625000
0.690000
0.655000
0.705000
0.670000
0.710000
0.710000
0.675000
0.725000
0.705000
0.715000
0.725000
0.720000
0.735000
0.715000
0.685000
0.670000
0.695000
0.720000
0.725000
0.750000
0.745000
0.765000
0.775000
0.780000
0.710000
0.755000
0.815000
0.780000
0.810000
0.830000
0.825000
0.825000
0.855000
0.860000
0.840000
0.890000
0.880000
0.845000
0.850000
0.865000
0.885000
0.885000
0.885000
0.880000
0.870000
0.885000
0.855000
0.885000
0.920000
0.880000
0.920000
0.875000
0.850000
0.875000
0.835000
0.855000
0.695000
0.725000
0.700000
0.765000
0.770000
0.865000
0.870000
0.880000
0.920000
0.885000
0.895000
0.930000
0.965000
0.920000
0.935000
0.900000
0.895000
0.905000
0.855000
0.865000
0.905000
0.925000
0.925000
0.915000
0.920000
