0.170000
0.150000
0.190000
0.200000
0.200000
0.215000
0.230000
0.280000
0.275000
0.295000
0.285000
0.300000
0.240000
0.265000
0.350000
0.325000
0.350000
0.365000
0.345000
0.375000
0.410000
0.375000
0.430000
0.415000
0.450000
0.410000
0.360000
0.370000
0.395000
0.385000
0.450000
0.450000
0.465000
0.455000
0.520000
0.500000
0.560000
0.470000
0.555000
0.550000
0.560000
0.540000
0.550000
0.645000
0.635000
0.675000
0.680000
0.660000
0.630000
0.655000
0.685000
0.690000
0.690000
0.750000
0.665000
0.690000
0.735000
0.630000
0.705000
0.685000
0.715000
0.710000
0.690000
0.735000
0.750000
0.700000
0.755000
0.790000
0.780000
0.780000
0.785000
0.785000
0.835000
0.795000
0.800000
0.830000
0.790000
0.880000
0.810000
0.835000
0.755000
0.800000
0.770000
0.880000
0.840000
0.820000
0.745000
0.815000
0.840000
0.850000
0.880000
0.870000
0.900000
0.905000
0.910000
0.855000
0.900000
0.860000
0.885000
0.885000
0.890000
0.920000
0.925000
0.950000
0.985000
0.935000
0.900000
0.915000
0.920000
0.830000
0.920000
0.910000
0.940000
0.920000
0.950000
0.895000
0.860000
0.870000
0.915000
0.940000
0.950000
0.900000
0.930000
0.895000
0.925000
0.945000
0.980000
0.980000
0.960000
0.975000
0.975000
0.980000
0.990000
0.970000
0.990000
0.980000
0.985000
0.970000
0.935000
0.935000
0.960000
0.970000
0.985000
0.980000
0.995000
0.985000
0.960000
0.950000
0.960000
0.980000
