0.165000
0.155000
0.165000
0.160000
0.165000
0.200000
0.190000
0.175000
0.190000
0.170000
0.190000
0.200000
0.215000
0.215000
0.210000
0.210000
0.250000
0.225000
0.205000
0.195000
0.230000
0.240000
0.245000
0.255000
0.260000
0.220000
0.260000
0.250000
0.225000
0.250000
0.285000
0.305000
0.295000
0.330000
0.350000
0.350000
0.410000
0.425000
0.450000
0.405000
0.365000
0.340000
0.350000
0.355000
0.385000
0.425000
0.425000
0.445000
0.440000
0.465000
0.415000
0.440000
0.460000
0.415000
0.445000
0.485000
0.500000
0.505000
0.530000
0.510000
0.515000
0.525000
0.515000
0.535000
0.535000
0.560000
0.545000
0.570000
0.580000
0.590000
0.545000
0.485000
0.485000
0.485000
0.580000
0.550000
0.620000
0.585000
0.570000
0.655000
0.665000
0.630000
0.555000
0.710000
0.690000
0.670000
0.740000
0.740000
0.720000
0.725000
0.740000
0.730000
0.705000
0.665000
0.690000
0.730000
0.680000
0.730000
0.690000
0.810000
0.725000
0.710000
0.760000
0.715000
0.760000
0.735000
0.820000
0.770000
0.825000
0.825000
0.830000
0.845000
0.800000
0.815000
0.790000
0.890000
0.830000
0.875000
0.850000
0.865000
0.840000
0.885000
0.890000
0.875000
0.855000
0.835000
0.910000
0.895000
0.945000
0.925000
0.960000
0.945000
0.910000
0.905000
0.905000
0.920000
0.895000
0.915000
0.895000
0.925000
0.885000
0.930000
0.945000
0.925000
0.925000
0.930000
0.930000
0.915000
0.915000
0.865000
