0.185874
0.068402
0.062948
0.062751
0.062712
0.062712
0.062712
0.062712
0.062712
0.062712
0.062712
0.062712
0.063574
0.062635
0.062650
0.062519
0.062634
0.062478
0.062401
0.062446
0.062647
0.060634
0.059000
0.055712
0.058287
0.054738
0.053522
0.052488
0.051208
0.051579
0.053174
0.051159
0.051485
0.051371
0.052990
0.054430
0.051802
0.049694
0.048960
0.042996
0.047741
0.045662
0.049780
0.051172
0.046247
0.045436
0.043901
0.042335
0.039883
0.038167
0.037204
0.039816
0.042187
0.039488
0.038007
0.038558
0.040858
0.044375
0.039542
0.035173
0.039500
0.032052
0.032081
0.030531
0.035766
0.034701
0.035573
0.034284
0.031964
0.029709
0.031919
0.029092
0.029521
0.027723
0.028388
0.024056
0.024540
0.024041
0.024524
0.022461
0.021602
0.024220
0.025362
0.026986
0.028709
0.026517
0.027802
0.025085
0.025355
0.023444
0.020073
0.024100
0.021957
0.025329
0.021389
0.016780
0.018120
0.018748
0.016050
0.014556
0.013363
0.013028
0.012491
0.016562
0.011357
0.010488
0.013334
0.012905
0.011180
0.010561
0.010269
0.010185
0.011847
0.011325
0.013132
0.012376
0.010798
0.007975
0.013131
0.007836
0.012943
0.016585
0.014586
0.021133
0.017813
0.037522
0.031368
0.030947
0.021217
0.019011
0.013501
0.011163
0.011690
0.010304
0.012547
0.009481
0.008829
0.006245
0.006331
0.006657
0.011681
0.011252
0.008987
0.012426
0.011789
0.009060
0.012239
0.007657
0.008278
0.010375
