0.110727
0.062635
0.062478
0.062712
0.063224
0.062517
0.062431
0.061157
0.061015
0.060946
0.061416
0.059614
0.060336
0.058393
0.057365
0.058177
0.058922
0.058486
0.059437
0.059055
0.058411
0.057117
0.059084
0.059099
0.058898
0.058177
0.056701
0.056754
0.056623
0.056010
0.055936
0.053000
0.055917
0.055315
0.054082
0.054764
0.051616
0.049573
0.052869
0.048985
0.048646
0.046970
0.051486
0.049515
0.047135
0.048291
0.050233
0.044972
0.047916
0.047552
0.045714
0.042936
0.042557
0.045355
0.044483
0.044031
0.045350
0.046654
0.044406
0.042264
0.046590
0.038317
0.036223
0.035980
0.033764
0.037261
0.040778
0.034826
0.027254
0.026343
0.032306
0.037463
0.029580
0.030161
0.026139
0.025476
0.026020
0.027523
0.025683
0.021365
0.020642
0.020405
0.025071
0.020914
0.019142
0.020811
0.015703
0.023952
0.018668
0.019284
0.019686
0.018368
0.016486
0.015487
0.014954
0.013673
0.011911
0.014747
0.012504
0.014743
0.012184
0.014327
0.018926
0.020616
0.020554
0.023847
0.029454
0.019888
0.015510
0.014722
0.011665
0.012640
0.010641
0.012770
0.008847
0.008948
0.014880
0.016283
0.016422
0.013035
0.009641
0.009287
0.010523
0.008441
0.007793
0.008390
0.010998
0.009251
0.008440
0.007632
0.008867
0.013984
0.010064
0.018084
0.017636
0.009247
0.008229
0.007309
0.005869
0.004304
0.004932
0.006640
0.009240
0.016603
0.011772
0.016814
0.008061
0.008017
0.006987
0.005919
