0.131224
0.064762
0.063184
0.062752
0.062753
0.062831
0.062443
0.061246
0.060977
0.058793
0.060424
0.059969
0.058469
0.059321
0.057841
0.057725
0.057309
0.057284
0.057455
0.057973
0.058140
0.054993
0.054733
0.054927
0.057214
0.057118
0.056249
0.055729
0.054842
0.055676
0.053980
0.052338
0.056569
0.052684
0.050889
0.053953
0.054215
0.050252
0.048331
0.049939
0.044231
0.041392
0.041732
0.044864
0.040304
0.043216
0.042376
0.042013
0.037678
0.035393
0.039886
0.048745
0.043063
0.037173
0.039129
0.040661
0.033547
0.034421
0.029180
0.027838
0.026611
0.025127
0.025202
0.025135
0.027380
0.025429
0.020443
0.025002
0.025530
0.024407
0.021511
0.025296
0.023309
0.022684
0.027081
0.020256
0.019138
0.018186
0.014281
0.015604
0.014191
0.013660
0.016703
0.023114
0.018284
0.019127
0.016575
0.016513
0.020839
0.021479
0.018000
0.014465
0.012882
0.015476
0.014529
0.016112
0.012281
0.013059
0.012078
0.016351
0.015544
0.012249
0.009460
0.012879
0.010054
0.011313
0.015632
0.013655
0.015967
0.011089
0.009778
0.008702
0.007344
0.008294
0.006339
0.006009
0.009103
0.010514
0.010827
0.009128
0.007596
0.006777
0.005933
0.007211
0.006213
0.008750
0.011941
0.009573
0.011439
0.010413
0.008883
0.010803
0.016005
0.010463
0.008867
0.009268
0.008260
0.008459
0.006265
0.005423
0.005162
0.005256
0.005268
0.005104
0.004999
0.005094
0.004532
0.002892
0.004701
0.003975
