0.136139
0.085417
0.062639
0.062752
0.062753
0.062295
0.062938
0.062691
0.062290
0.064107
0.062234
0.060058
0.059834
0.058449
0.058839
0.059038
0.061416
0.059295
0.057879
0.059248
0.057927
0.058205
0.057295
0.062640
0.059280
0.059439
0.058411
0.057586
0.057907
0.057886
0.055261
0.055993
0.054491
0.055942
0.054685
0.054586
0.055443
0.053571
0.053026
0.052723
0.051412
0.054796
0.052238
0.050773
0.051574
0.049807
0.049179
0.050044
0.051376
0.056109
0.052542
0.050143
0.051014
0.048947
0.044379
0.045323
0.049065
0.047083
0.046286
0.041456
0.042010
0.048773
0.049420
0.040305
0.040589
0.038913
0.045657
0.039249
0.039622
0.043866
0.039632
0.045063
0.036362
0.033921
0.035876
0.037020
0.032544
0.026491
0.028821
0.026145
0.025756
0.027052
0.026094
0.024742
0.024642
0.020239
0.020587
0.022840
0.023791
0.022639
0.023031
0.023304
0.019538
0.022911
0.023285
0.021118
0.018341
0.016852
0.015235
0.015152
0.014373
0.014869
0.020843
0.017181
0.020906
0.015486
0.015605
0.016920
0.017376
0.016792
0.020486
0.018332
0.018115
0.015767
0.011990
0.011685
0.011387
0.011754
0.016570
0.016656
0.015412
0.009664
0.009067
0.010454
0.011665
0.007494
0.007735
0.006140
0.008070
0.014392
0.014824
0.015898
0.012684
0.011833
0.012152
0.008234
0.010083
0.008794
0.012874
0.010998
0.006657
0.007346
0.007572
0.008297
0.005862
0.004694
0.009170
0.007398
0.005982
0.005338
