0.125575
0.079615
0.064372
0.061933
0.062708
0.060406
0.060640
0.060585
0.058206
0.057471
0.058288
0.054523
0.055498
0.055519
0.052383
0.054395
0.056298
0.054904
0.051180
0.052206
0.050313
0.049143
0.047542
0.049853
0.056161
0.053859
0.055918
0.052438
0.050443
0.053729
0.046555
0.050296
0.050588
0.046264
0.043433
0.041577
0.043680
0.053344
0.037295
0.038060
0.042615
0.039581
0.037001
0.034007
0.031675
0.031177
0.032799
0.030681
0.037588
0.028400
0.028188
0.029349
0.025807
0.026813
0.029801
0.029218
0.028272
0.029552
0.028913
0.028683
0.025296
0.025118
0.026651
0.023465
0.023273
0.025908
0.022443
0.019986
0.020433
0.019237
0.018540
0.018381
0.016298
0.016908
0.020108
0.019600
0.021137
0.017099
0.016989
0.015971
0.019737
0.017815
0.019483
0.013929
0.014825
0.017709
0.022083
0.020928
0.015736
0.014881
0.011075
0.012912
0.008614
0.009524
0.013133
0.013609
0.009381
0.012916
0.011129
0.008883
0.009160
0.007435
0.009031
0.005526
0.003458
0.006369
0.008046
0.008671
0.007992
0.014799
0.009153
0.007073
0.008176
0.006578
0.006355
0.019003
0.013476
0.012862
0.008692
0.007846
0.007497
0.010706
0.009617
0.007472
0.006565
0.004885
0.002574
0.002490
0.003794
0.003464
0.002687
0.001874
0.002295
0.002968
0.002016
0.002931
0.002327
0.005785
0.004922
0.006139
0.005589
0.003672
0.002276
0.002597
0.001813
0.002124
0.008957
0.004264
0.004139
0.002993
