0.097892
0.063328
0.062794
0.062635
0.062714
0.061597
0.062128
0.062284
0.061807
0.061855
0.061848
0.060875
0.060344
0.060028
0.060340
0.058013
0.058800
0.057443
0.059203
0.059564
0.058013
0.058722
0.057281
0.056180
0.055784
0.056051
0.056022
0.057978
0.056835
0.056791
0.056953
0.057449
0.056559
0.054600
0.050159
0.053725
0.049371
0.048958
0.052681
0.050835
0.056197
0.056821
0.054932
0.052607
0.049176
0.050692
0.045720
0.045966
0.043851
0.045995
0.047471
0.046083
0.044754
0.045096
0.044347
0.049653
0.041546
0.038911
0.043036
0.041883
0.039279
0.041354
0.041872
0.039712
0.037224
0.036500
0.039154
0.040575
0.040137
0.043370
0.046816
0.040221
0.041888
0.043168
0.037108
0.035770
0.040493
0.038073
0.038249
0.034391
0.032285
0.030977
0.033952
0.031165
0.028432
0.028292
0.025797
0.023624
0.029003
0.025989
0.025715
0.028156
0.027065
0.030414
0.024860
0.029511
0.028862
0.027857
0.026085
0.021495
0.036533
0.024434
0.021762
0.027071
0.022596
0.020853
0.017815
0.020652
0.014189
0.015587
0.016190
0.017070
0.014514
0.018676
0.018374
0.013545
0.014366
0.014728
0.013517
0.013194
0.013817
0.010435
0.012985
0.011379
0.014217
0.014427
0.010559
0.010394
0.008649
0.008201
0.005916
0.008489
0.008280
0.010236
0.008726
0.009368
0.011919
0.010936
0.009040
0.010732
0.009841
0.008042
0.006730
0.006657
0.007072
0.007037
0.007082
0.008709
0.013386
0.013264
