0.185000
0.140000
0.180000
0.160000
0.160000
0.160000
0.165000
0.175000
0.185000
0.190000
0.195000
0.190000
0.180000
0.195000
0.200000
0.195000
0.195000
0.200000
0.225000
0.190000
0.215000
0.205000
0.250000
0.245000
0.260000
0.245000
0.260000
0.245000
0.280000
0.255000
0.275000
0.255000
0.280000
0.325000
0.300000
0.310000
0.320000
0.310000
0.300000
0.310000
0.295000
0.320000
0.325000
0.330000
0.330000
0.330000
0.335000
0.370000
0.370000
0.380000
0.335000
0.380000
0.365000
0.380000
0.380000
0.375000
0.395000
0.415000
0.390000
0.415000
0.390000
0.415000
0.410000
0.420000
0.400000
0.425000
0.420000
0.440000
0.425000
0.445000
0.470000
0.480000
0.490000
0.445000
0.460000
0.425000
0.425000
0.420000
0.435000
0.435000
0.445000
0.450000
0.465000
0.465000
0.455000
0.470000
0.470000
0.490000
0.500000
0.490000
0.495000
0.485000
0.465000
0.475000
0.510000
0.525000
0.535000
0.550000
0.535000
0.585000
0.570000
0.575000
0.525000
0.515000
0.550000
0.580000
0.580000
0.605000
0.625000
0.580000
0.610000
0.620000
0.570000
0.555000
0.585000
0.610000
0.685000
0.640000
0.670000
0.640000
0.640000
0.720000
0.750000
0.705000
0.740000
0.735000
0.845000
0.790000
0.740000
0.755000
0.830000
0.800000
0.835000
0.815000
0.900000
0.915000
0.875000
0.885000
0.815000
0.900000
0.845000
0.905000
0.905000
0.910000
0.965000
0.940000
0.925000
0.955000
0.975000
0.975000
