0.175000
0.175000
0.150000
0.145000
0.170000
0.160000
0.145000
0.185000
0.210000
0.185000
0.215000
0.210000
0.225000
0.240000
0.265000
0.255000
0.255000
0.265000
0.275000
0.260000
0.285000
0.295000
0.280000
0.280000
0.310000
0.315000
0.310000
0.305000
0.310000
0.315000
0.310000
0.330000
0.390000
0.345000
0.315000
0.315000
0.320000
0.315000
0.320000
0.320000
0.320000
0.320000
0.325000
0.335000
0.380000
0.460000
0.340000
0.330000
0.345000
0.410000
0.440000
0.420000
0.455000
0.445000
0.415000
0.445000
0.460000
0.450000
0.485000
0.470000
0.535000
0.435000
0.340000
0.440000
0.535000
0.510000
0.395000
0.460000
0.510000
0.535000
0.555000
0.525000
0.605000
0.595000
0.630000
0.645000
0.560000
0.490000
0.535000
0.575000
0.615000
0.535000
0.555000
0.550000
0.560000
0.615000
0.605000
0.570000
0.625000
0.655000
0.695000
0.615000
0.660000
0.665000
0.650000
0.630000
0.675000
0.710000
0.740000
0.780000
0.800000
0.715000
0.755000
0.800000
0.805000
0.830000
0.780000
0.810000
0.825000
0.805000
0.875000
0.875000
0.850000
0.860000
0.890000
0.930000
0.935000
0.915000
0.915000
0.910000
0.960000
0.955000
0.890000
0.920000
0.875000
0.865000
0.950000
0.930000
0.950000
0.970000
0.995000
0.990000
0.990000
0.995000
0.985000
0.995000
1.000000
0.990000
0.990000
1.000000
0.975000
0.990000
1.000000
0.995000
0.995000
0.965000
1.000000
1.000000
0.995000
1.000000
