0.195000
0.175000
0.175000
0.175000
0.180000
0.185000
0.175000
0.195000
0.195000
0.205000
0.205000
0.180000
0.200000
0.275000
0.250000
0.260000
0.280000
0.290000
0.255000
0.310000
0.340000
0.330000
0.330000
0.355000
0.355000
0.355000
0.390000
0.415000
0.390000
0.395000
0.405000
0.430000
0.420000
0.410000
0.440000
0.430000
0.440000
0.420000
0.440000
0.435000
0.470000
0.470000
0.490000
0.490000
0.490000
0.485000
0.470000
0.485000
0.500000
0.490000
0.470000
0.460000
0.450000
0.485000
0.495000
0.505000
0.510000
0.520000
0.535000
0.530000
0.565000
0.555000
0.560000
0.550000
0.575000
0.585000
0.590000
0.560000
0.580000
0.570000
0.585000
0.560000
0.595000
0.615000
0.615000
0.590000
0.665000
0.715000
0.755000
0.645000
0.720000
0.745000
0.695000
0.735000
0.715000
0.760000
0.770000
0.780000
0.810000
0.780000
0.835000
0.815000
0.880000
0.805000
0.805000
0.785000
0.890000
0.870000
0.875000
0.890000
0.920000
0.880000
0.920000
0.875000
0.925000
0.880000
0.860000
0.865000
0.905000
0.870000
0.910000
0.915000
0.950000
0.955000
0.960000
0.960000
0.945000
0.980000
0.970000
0.845000
0.865000
0.930000
0.915000
0.960000
0.965000
0.955000
0.965000
0.970000
0.965000
0.975000
0.985000
0.975000
0.990000
0.990000
0.975000
0.975000
0.980000
0.980000
0.995000
0.995000
0.995000
1.000000
1.000000
0.990000
0.995000
1.000000
1.000000
1.000000
1.000000
1.000000
