0.145000
0.155000
0.155000
0.155000
0.185000
0.155000
0.155000
0.155000
0.155000
0.155000
0.155000
0.155000
0.155000
0.155000
0.185000
0.185000
0.180000
0.180000
0.185000
0.205000
0.200000
0.205000
0.190000
0.190000
0.175000
0.165000
0.185000
0.210000
0.240000
0.225000
0.230000
0.230000
0.270000
0.240000
0.260000
0.285000
0.230000
0.270000
0.280000
0.300000
0.315000
0.290000
0.350000
0.340000
0.360000
0.330000
0.350000
0.295000
0.340000
0.340000
0.345000
0.380000
0.410000
0.365000
0.380000
0.305000
0.340000
0.410000
0.380000
0.440000
0.390000
0.380000
0.400000
0.360000
0.355000
0.330000
0.305000
0.280000
0.350000
0.365000
0.370000
0.345000
0.375000
0.465000
0.400000
0.420000
0.460000
0.455000
0.485000
0.475000
0.475000
0.450000
0.465000
0.475000
0.480000
0.565000
0.575000
0.490000
0.465000
0.460000
0.415000
0.475000
0.505000
0.510000
0.535000
0.590000
0.520000
0.530000
0.605000
0.580000
0.600000
0.645000
0.620000
0.660000
0.660000
0.680000
0.670000
0.720000
0.710000
0.690000
0.690000
0.725000
0.760000
0.770000
0.790000
0.790000
0.790000
0.785000
0.845000
0.845000
0.845000
0.845000
0.870000
0.895000
0.820000
0.855000
0.890000
0.910000
0.925000
0.960000
0.955000
0.930000
0.970000
0.960000
0.980000
0.985000
0.975000
0.990000
0.985000
0.975000
0.975000
0.965000
0.955000
0.965000
0.990000
0.985000
0.980000
0.995000
0.990000
0.990000
