0.166951
0.062939
0.062870
0.062713
0.062208
0.062712
0.062712
0.062712
0.062712
0.062712
0.062712
0.062712
0.062712
0.062752
0.062326
0.061936
0.062364
0.062325
0.062286
0.062442
0.061532
0.061103
0.061662
0.062446
0.062363
0.062596
0.061778
0.062476
0.060643
0.060601
0.061187
0.061162
0.059685
0.058842
0.059000
0.058015
0.060577
0.058954
0.059664
0.058842
0.057679
0.058440
0.055395
0.054664
0.055049
0.055029
0.055505
0.057723
0.056876
0.054700
0.055542
0.053696
0.053541
0.054082
0.054710
0.056012
0.057827
0.054681
0.053841
0.049155
0.052106
0.052846
0.052165
0.054518
0.056410
0.055397
0.055681
0.054657
0.053194
0.052944
0.053406
0.052166
0.050539
0.049333
0.050549
0.051519
0.051240
0.048561
0.049364
0.046578
0.048942
0.047376
0.048151
0.048637
0.045267
0.045020
0.044103
0.048387
0.046783
0.051050
0.053568
0.046627
0.044598
0.044902
0.041953
0.041600
0.040596
0.041098
0.036110
0.039264
0.035376
0.034049
0.034240
0.032537
0.030327
0.030190
0.029886
0.030161
0.029600
0.032460
0.028819
0.025277
0.024633
0.024086
0.022456
0.020104
0.020631
0.021979
0.016549
0.016978
0.013791
0.014759
0.011517
0.013181
0.018228
0.012694
0.011483
0.009598
0.008501
0.006284
0.006016
0.006232
0.004306
0.004567
0.004177
0.002832
0.003471
0.002917
0.003049
0.002889
0.003736
0.003595
0.005199
0.004174
0.003071
0.002796
0.001965
0.001687
0.002029
0.001436
