0.156233
0.064495
0.062440
0.062790
0.062751
0.062830
0.062908
0.062635
0.062441
0.062246
0.061820
0.062327
0.062092
0.062562
0.061783
0.062328
0.062053
0.061857
0.061472
0.061898
0.061136
0.061330
0.059432
0.060442
0.059613
0.058090
0.059517
0.059753
0.057233
0.057704
0.057815
0.058491
0.057561
0.056240
0.056552
0.055783
0.055559
0.055377
0.055852
0.055426
0.053553
0.054401
0.053299
0.054338
0.054647
0.053311
0.051292
0.053197
0.053010
0.052355
0.054149
0.054469
0.052620
0.051799
0.051621
0.051737
0.050808
0.051739
0.051242
0.048804
0.051963
0.048634
0.049199
0.050235
0.051056
0.049868
0.051057
0.049740
0.048344
0.049358
0.048125
0.045670
0.046970
0.049079
0.046785
0.048833
0.051386
0.047343
0.047861
0.047978
0.046763
0.046403
0.046784
0.047616
0.044218
0.046567
0.046821
0.044173
0.045378
0.045519
0.045356
0.045422
0.045921
0.047775
0.044729
0.044729
0.042724
0.041751
0.042956
0.039641
0.043979
0.042287
0.045821
0.042004
0.044116
0.040775
0.040481
0.038963
0.040638
0.036019
0.032686
0.034728
0.036889
0.040369
0.036534
0.039981
0.037606
0.036433
0.034994
0.032406
0.035036
0.027187
0.027058
0.025896
0.027404
0.023400
0.019730
0.019914
0.022652
0.021460
0.019075
0.021689
0.013527
0.014974
0.010636
0.010447
0.013981
0.012833
0.014441
0.012988
0.011980
0.013568
0.010251
0.008370
0.006958
0.006446
0.006354
0.005071
0.004232
0.003776
