0.130988
0.061751
0.062713
0.062790
0.062323
0.062230
0.062430
0.060146
0.061454
0.059838
0.060462
0.059736
0.059471
0.057975
0.057862
0.057434
0.057573
0.056590
0.056438
0.055008
0.056107
0.050947
0.051298
0.051086
0.049626
0.048235
0.047681
0.047386
0.047348
0.047036
0.046307
0.045654
0.047450
0.042654
0.043783
0.045022
0.043404
0.044090
0.044113
0.041921
0.043407
0.044171
0.043188
0.040773
0.043029
0.044715
0.043343
0.042539
0.042281
0.040876
0.041935
0.041954
0.041922
0.042447
0.040331
0.040312
0.041857
0.041947
0.043219
0.043666
0.039096
0.052501
0.053193
0.049601
0.041550
0.042003
0.051506
0.041972
0.042932
0.041055
0.038175
0.038483
0.034112
0.035437
0.032795
0.031829
0.043285
0.037926
0.036635
0.036404
0.037199
0.035937
0.036888
0.034138
0.036553
0.034171
0.033750
0.034123
0.033903
0.027561
0.028052
0.032137
0.030306
0.030265
0.030511
0.033130
0.030280
0.024572
0.024820
0.022679
0.020577
0.030416
0.026114
0.019187
0.015219
0.022477
0.019795
0.018926
0.017043
0.019765
0.014617
0.012227
0.013408
0.014953
0.011049
0.008658
0.007677
0.007853
0.007716
0.008222
0.006319
0.005699
0.009162
0.011213
0.012014
0.011589
0.006679
0.006344
0.004842
0.003561
0.002290
0.002022
0.001687
0.001552
0.002140
0.001290
0.001504
0.001294
0.001511
0.000983
0.002185
0.002327
0.001474
0.001642
0.001757
0.002295
0.001192
0.000708
0.000717
0.000597
