0.083386
0.062713
0.063021
0.062595
0.063019
0.062673
0.062712
0.062751
0.062828
0.063250
0.062712
0.062712
0.062712
0.062751
0.062636
0.062756
0.062444
0.062561
0.062636
0.062525
0.062487
0.061978
0.062556
0.061039
0.061862
0.062446
0.062028
0.062172
0.062369
0.062409
0.062291
0.061195
0.060575
0.060646
0.060301
0.060104
0.060395
0.059908
0.060642
0.059718
0.060143
0.060110
0.059172
0.058575
0.059316
0.059061
0.059239
0.058435
0.058711
0.059386
0.059788
0.058609
0.058063
0.058932
0.059019
0.059297
0.058969
0.060053
0.059417
0.059361
0.059398
0.058607
0.059089
0.058343
0.058833
0.058950
0.060082
0.059368
0.058403
0.057678
0.056443
0.058264
0.057055
0.056795
0.056702
0.056652
0.057775
0.057372
0.056643
0.057176
0.056719
0.054366
0.055377
0.054621
0.055113
0.053838
0.054885
0.056102
0.055036
0.055710
0.057669
0.060688
0.060069
0.060129
0.060346
0.060418
0.059555
0.058669
0.058938
0.057117
0.057116
0.057355
0.058078
0.057677
0.057183
0.056331
0.058772
0.059580
0.061585
0.062059
0.059907
0.061265
0.060891
0.061620
0.060076
0.060346
0.059875
0.059643
0.059412
0.059640
0.058915
0.059316
0.058843
0.059586
0.060851
0.061153
0.061269
0.060682
0.059358
0.058973
0.058140
0.059237
0.058780
0.056580
0.060139
0.059572
0.059240
0.058239
0.060241
0.058311
0.054997
0.055855
0.060603
0.058865
0.058809
0.056573
0.056074
0.055775
0.053393
0.055967
