0.136683
0.073699
0.062905
0.062754
0.062833
0.062602
0.062431
0.062169
0.062674
0.061385
0.063424
0.062396
0.061944
0.059408
0.058316
0.057873
0.057809
0.057870
0.058492
0.055158
0.054984
0.056579
0.057100
0.055852
0.054959
0.052875
0.051242
0.053197
0.049695
0.048199
0.049265
0.049165
0.048536
0.047316
0.049918
0.052401
0.051335
0.050165
0.045357
0.048075
0.046253
0.042035
0.044666
0.045254
0.042421
0.041765
0.045387
0.042343
0.042804
0.042997
0.041711
0.042125
0.040752
0.041273
0.038552
0.041650
0.042174
0.037767
0.036303
0.035465
0.039635
0.037949
0.039920
0.036474
0.037366
0.038058
0.034840
0.039984
0.046293
0.049647
0.049135
0.039758
0.047406
0.043885
0.040548
0.032197
0.030533
0.029974
0.023191
0.022953
0.018892
0.018804
0.018686
0.017357
0.015089
0.014051
0.010383
0.011620
0.011325
0.010740
0.012545
0.010807
0.007962
0.007069
0.006412
0.008457
0.015030
0.011147
0.013419
0.012753
0.013517
0.025525
0.017591
0.020815
0.013988
0.017578
0.015743
0.009331
0.007009
0.005324
0.005487
0.004705
0.005764
0.004071
0.003843
0.003644
0.002643
0.002128
0.002402
0.001702
0.002031
0.001947
0.001807
0.001383
0.001233
0.001215
0.001294
0.000904
0.000994
0.000844
0.001118
0.001394
0.000774
0.000870
0.001057
0.000978
0.000798
0.001329
0.000718
0.000517
0.000844
0.000472
0.000882
0.000450
0.000803
0.000891
0.000779
0.000831
0.000722
0.000664
