0.099991
0.063475
0.062790
0.062751
0.062634
0.062596
0.062549
0.062128
0.061614
0.061805
0.061225
0.062623
0.062094
0.060313
0.060742
0.060284
0.059338
0.059890
0.060269
0.057877
0.058541
0.054344
0.055884
0.055876
0.057187
0.054919
0.052895
0.053119
0.052388
0.052893
0.053572
0.052333
0.051563
0.051982
0.048659
0.050448
0.048360
0.048660
0.047580
0.046543
0.046994
0.045483
0.045718
0.043250
0.041212
0.039349
0.046181
0.042720
0.039302
0.043204
0.041734
0.039846
0.038655
0.037626
0.035234
0.036431
0.035384
0.035427
0.033531
0.031999
0.032066
0.030756
0.030808
0.028793
0.032766
0.028807
0.032844
0.031710
0.032423
0.030231
0.029798
0.031458
0.032591
0.036438
0.033227
0.035360
0.027605
0.026057
0.028633
0.030880
0.024925
0.028973
0.028362
0.028054
0.026247
0.024341
0.025020
0.025729
0.023811
0.022433
0.021046
0.017956
0.014500
0.017057
0.019910
0.021602
0.015593
0.015161
0.013883
0.011959
0.009465
0.010484
0.010006
0.010655
0.009856
0.010439
0.012478
0.011563
0.011753
0.011750
0.008838
0.008242
0.007455
0.004889
0.004039
0.004642
0.004682
0.003647
0.004456
0.019084
0.011090
0.009167
0.007094
0.005201
0.003780
0.002861
0.003716
0.003974
0.003374
0.003585
0.003070
0.003051
0.001995
0.001756
0.002251
0.002136
0.001878
0.002010
0.000803
0.000832
0.001136
0.001131
0.000676
0.000823
0.000669
0.000359
0.000521
0.000326
0.000260
0.000193
