0.092282
0.080862
0.085960
0.070829
0.067035
0.065161
0.068502
0.069677
0.062672
0.063059
0.062173
0.061964
0.058692
0.052898
0.055810
0.058932
0.053645
0.051795
0.046638
0.048222
0.045290
0.046453
0.046772
0.043775
0.041851
0.044336
0.037236
0.042965
0.039334
0.035484
0.040073
0.037686
0.036061
0.034765
0.034164
0.033720
0.030615
0.028297
0.027548
0.029467
0.029790
0.028722
0.028474
0.029206
0.022274
0.027210
0.022248
0.023965
0.023307
0.023776
0.019086
0.028978
0.024949
0.019691
0.021248
0.017131
0.030909
0.032569
0.027119
0.020866
0.023252
0.014739
0.020540
0.016718
0.015305
0.011058
0.015927
0.011029
0.014750
0.006878
0.016473
0.007946
0.008529
0.009321
0.008165
0.005843
0.008631
0.003933
0.009487
0.005303
0.006045
0.004083
0.004627
0.005378
0.002942
0.003835
0.004252
0.002229
0.001365
0.002241
0.002215
0.001889
0.001305
0.001499
0.001235
0.002603
0.000686
0.003119
0.000475
0.004112
0.000732
0.002611
0.001464
0.001017
0.002361
0.000965
0.002421
0.001032
0.002655
0.000542
0.001761
0.000815
0.000502
0.000814
0.000978
0.000355
0.000772
0.000656
0.001622
0.000813
0.000830
0.000492
0.000322
0.000451
0.000732
0.000211
0.000175
0.000350
0.000209
0.000155
0.000157
0.000184
0.000156
0.000275
0.000099
0.000135
0.000584
0.000293
0.000273
0.000196
0.000140
0.000183
0.000236
0.000166
0.000410
0.000112
0.000136
0.000098
0.000333
0.000143
