0.081513
0.073560
0.071630
0.072385
0.069361
0.068457
0.072419
0.067497
0.070072
0.066387
0.070210
0.067397
0.065403
0.063919
0.066014
0.066163
0.063321
0.063717
0.061387
0.063745
0.062388
0.062994
0.059033
0.058339
0.062203
0.059524
0.060715
0.061138
0.056522
0.057532
0.056924
0.061372
0.062176
0.062029
0.057745
0.058923
0.062532
0.055603
0.055337
0.051624
0.052855
0.049165
0.050570
0.054283
0.047379
0.050206
0.052181
0.049680
0.043576
0.046343
0.043347
0.043662
0.045048
0.043326
0.043752
0.047483
0.045537
0.041573
0.046027
0.039771
0.044608
0.037747
0.033757
0.031094
0.033423
0.032922
0.035592
0.033052
0.026246
0.028060
0.028138
0.024631
0.025909
0.023932
0.021557
0.026009
0.022282
0.022330
0.021731
0.018339
0.018052
0.020653
0.016354
0.016058
0.011440
0.022694
0.040018
0.023783
0.017847
0.014946
0.014805
0.019474
0.006977
0.008560
0.008308
0.008559
0.006672
0.005472
0.004780
0.003698
0.003085
0.002291
0.002950
0.002436
0.001847
0.001670
0.002095
0.001046
0.002337
0.000797
0.001621
0.000638
0.001366
0.000637
0.000888
0.000735
0.000763
0.000471
0.000815
0.000397
0.000217
0.000223
0.000215
0.000306
0.000193
0.000298
0.000179
0.000183
0.000145
0.000272
0.000146
0.000097
0.000151
0.000094
0.000085
0.000098
0.000081
0.000110
0.000122
0.000072
0.000252
0.000161
0.000098
0.000163
0.000104
0.000199
0.000109
0.001162
0.002530
0.000179
