0.087694
0.074692
0.071670
0.071670
0.071670
0.071670
0.071670
0.070839
0.071670
0.071483
0.072177
0.070035
0.069732
0.070371
0.068093
0.070088
0.067422
0.068764
0.065993
0.065882
0.063640
0.066554
0.064340
0.063639
0.062666
0.066375
0.060320
0.060025
0.059601
0.062821
0.061061
0.059296
0.058371
0.057468
0.055535
0.054457
0.053583
0.057106
0.053998
0.055678
0.054944
0.053162
0.057381
0.053088
0.054374
0.057118
0.052849
0.053586
0.055543
0.050610
0.054167
0.054044
0.051149
0.048978
0.051781
0.046226
0.047394
0.052386
0.047460
0.044218
0.045541
0.042597
0.039152
0.042088
0.036974
0.036488
0.036709
0.032986
0.041650
0.030870
0.035368
0.048994
0.028477
0.030635
0.029124
0.029236
0.027805
0.031723
0.028472
0.028387
0.025944
0.015230
0.024481
0.018387
0.013915
0.016021
0.019569
0.017307
0.015838
0.012398
0.017270
0.011552
0.009352
0.006374
0.008420
0.006100
0.007640
0.005924
0.006560
0.005281
0.005101
0.006538
0.004644
0.003794
0.003886
0.003506
0.003362
0.003074
0.003410
0.003375
0.003244
0.002129
0.002651
0.001470
0.001576
0.002540
0.001677
0.003479
0.001511
0.001470
0.001680
0.001303
0.002472
0.001404
0.003467
0.006812
0.002420
0.005899
0.001890
0.002697
0.001756
0.002905
0.002118
0.001788
0.001527
0.001091
0.000901
0.000952
0.002094
0.001487
0.002181
0.000758
0.001635
0.002232
0.001600
0.000821
0.001441
0.000749
0.000451
0.000484
