0.128471
0.079051
0.071207
0.071670
0.071119
0.074018
0.075163
0.073233
0.069799
0.066800
0.066261
0.063879
0.062692
0.064001
0.058356
0.054544
0.054011
0.054066
0.049647
0.053555
0.052085
0.052547
0.046468
0.049219
0.048090
0.047339
0.043005
0.042894
0.047345
0.038838
0.040582
0.041013
0.036128
0.038664
0.036969
0.036947
0.036252
0.031510
0.034556
0.033311
0.032524
0.035490
0.030117
0.026809
0.028159
0.024060
0.027820
0.023517
0.030162
0.025857
0.025008
0.020573
0.024129
0.019448
0.018792
0.020388
0.018623
0.018639
0.017879
0.016317
0.017003
0.013509
0.015951
0.015525
0.015013
0.014960
0.014589
0.017888
0.015189
0.016534
0.016803
0.012713
0.016372
0.014528
0.017219
0.013812
0.012814
0.014020
0.010701
0.019164
0.016510
0.014360
0.016012
0.010709
0.011186
0.014662
0.008972
0.013529
0.010751
0.009707
0.009682
0.008252
0.009917
0.008626
0.006674
0.006024
0.008704
0.008354
0.006833
0.007079
0.005073
0.010107
0.025459
0.009310
0.012367
0.010160
0.007985
0.015967
0.006630
0.011885
0.015915
0.009987
0.008224
0.008323
0.006880
0.007186
0.003758
0.005474
0.005201
0.004750
0.003953
0.004522
0.003608
0.003853
0.003796
0.004235
0.005465
0.003173
0.003501
0.003540
0.003293
0.003282
0.003528
0.003279
0.003572
0.003448
0.003520
0.003082
0.003303
0.001480
0.001354
0.001415
0.002658
0.001686
0.001451
0.005638
0.000901
0.001042
0.002391
0.003120
