0.089710
0.072832
0.068040
0.070160
0.069282
0.065021
0.062501
0.060591
0.059901
0.060564
0.060215
0.058165
0.052489
0.057389
0.054962
0.054591
0.053862
0.056104
0.053837
0.052633
0.052062
0.050097
0.051955
0.048902
0.052383
0.048250
0.046145
0.046287
0.045138
0.046210
0.043799
0.042294
0.043220
0.046355
0.042348
0.043626
0.043124
0.037177
0.037319
0.037029
0.036239
0.036458
0.038170
0.035313
0.032535
0.032526
0.029498
0.029383
0.029814
0.032480
0.031284
0.030964
0.028564
0.025662
0.025325
0.023681
0.022353
0.026622
0.025396
0.026480
0.026497
0.023609
0.022683
0.025541
0.021804
0.022728
0.029087
0.024091
0.024274
0.021840
0.025163
0.021370
0.020465
0.020029
0.023786
0.020505
0.016538
0.016309
0.017255
0.017036
0.016011
0.017433
0.015004
0.011742
0.015197
0.016732
0.006486
0.023371
0.028416
0.014274
0.010510
0.030310
0.030139
0.018273
0.009257
0.011665
0.009752
0.006223
0.004173
0.009043
0.006478
0.004224
0.007749
0.006122
0.007098
0.002440
0.005767
0.003612
0.006885
0.002775
0.003762
0.004216
0.003288
0.004912
0.005466
0.001995
0.005148
0.004241
0.002134
0.002242
0.003231
0.001829
0.002437
0.002621
0.002040
0.002180
0.002224
0.001793
0.000923
0.001153
0.001355
0.000952
0.001298
0.001246
0.000762
0.000563
0.001158
0.000885
0.001180
0.001939
0.000519
0.000426
0.007177
0.000412
0.000460
0.002160
0.000993
0.000895
0.000362
0.000335
