0.108337
0.085798
0.074833
0.068968
0.071272
0.071966
0.071555
0.069081
0.070736
0.070358
0.068514
0.065187
0.061554
0.063332
0.063604
0.061269
0.062749
0.062739
0.060104
0.056779
0.060766
0.058591
0.060628
0.059303
0.059121
0.055179
0.054131
0.050839
0.055794
0.054031
0.053142
0.058352
0.057003
0.052993
0.051318
0.044424
0.045766
0.045816
0.049971
0.042498
0.045777
0.041015
0.040163
0.042636
0.038982
0.039428
0.036397
0.036307
0.035328
0.036123
0.037834
0.035004
0.038582
0.033772
0.032205
0.029067
0.030842
0.028040
0.025821
0.026052
0.023612
0.025702
0.023638
0.024173
0.027905
0.029256
0.028792
0.030145
0.017743
0.021475
0.019562
0.016517
0.016232
0.017775
0.015432
0.012788
0.014531
0.010769
0.010574
0.013857
0.011405
0.012806
0.009583
0.007646
0.012868
0.004563
0.009101
0.010894
0.006449
0.004471
0.005815
0.003805
0.003940
0.003375
0.002018
0.002069
0.002620
0.002698
0.002264
0.003560
0.001167
0.001272
0.002499
0.001179
0.001249
0.001338
0.000590
0.001063
0.000784
0.000862
0.000493
0.001263
0.000727
0.000443
0.000714
0.000399
0.000394
0.000315
0.000373
0.000327
0.000351
0.000367
0.000334
0.000218
0.000420
0.000387
0.000335
0.000285
0.000209
0.000195
0.000183
0.000265
0.000213
0.000212
0.000207
0.000159
0.000180
0.000171
0.000253
0.000209
0.000298
0.000179
0.000278
0.000199
0.000164
0.000201
0.000113
0.000126
0.000289
0.000117
