0.074573
0.071670
0.071670
0.071670
0.071761
0.070752
0.070371
0.070061
0.068089
0.067064
0.066713
0.064831
0.062790
0.067687
0.061874
0.065071
0.063176
0.062861
0.060876
0.062063
0.062446
0.058435
0.060529
0.063978
0.060151
0.061743
0.058941
0.063352
0.057875
0.056457
0.057161
0.057037
0.054829
0.054754
0.058899
0.054149
0.055530
0.052898
0.053901
0.054387
0.054780
0.054710
0.051812
0.053483
0.054290
0.051351
0.051626
0.054521
0.057898
0.052789
0.051340
0.052191
0.052525
0.050596
0.052738
0.057065
0.057061
0.058178
0.053710
0.053367
0.053677
0.051438
0.053909
0.053232
0.049135
0.048538
0.052104
0.052965
0.052722
0.047752
0.050294
0.049317
0.048531
0.050716
0.048891
0.050551
0.046542
0.048184
0.048457
0.048162
0.050593
0.048978
0.052160
0.041196
0.046167
0.041243
0.049196
0.062323
0.053717
0.046905
0.045091
0.047402
0.040936
0.047681
0.049617
0.042462
0.042858
0.039411
0.041401
0.032974
0.033795
0.034278
0.035827
0.025308
0.040253
0.029957
0.030892
0.028313
0.030020
0.031781
0.028085
0.020504
0.023588
0.021193
0.021010
0.024792
0.018957
0.022691
0.020618
0.023886
0.019299
0.039011
0.017316
0.020421
0.015595
0.020686
0.016073
0.014475
0.019893
0.021560
0.012156
0.016296
0.020154
0.012924
0.025325
0.014678
0.015318
0.010671
0.012927
0.012543
0.015394
0.011203
0.022939
0.022624
0.014619
0.020477
0.020437
0.025024
0.038611
0.022020
