0.094323
0.072128
0.072659
0.074503
0.072400
0.072510
0.069698
0.070572
0.071723
0.069697
0.068835
0.068803
0.070438
0.070530
0.070477
0.070839
0.070419
0.069370
0.068690
0.065778
0.067620
0.069102
0.069480
0.067059
0.072999
0.067814
0.070825
0.067864
0.069354
0.065555
0.064801
0.066266
0.065623
0.067113
0.068649
0.069149
0.067764
0.067105
0.064292
0.063305
0.059737
0.061537
0.062933
0.063313
0.061947
0.058418
0.059547
0.057177
0.057165
0.064717
0.058116
0.057386
0.063120
0.056429
0.065760
0.060054
0.055906
0.056195
0.053735
0.049280
0.054474
0.050593
0.056254
0.042688
0.047037
0.044524
0.046943
0.056841
0.044129
0.057233
0.048152
0.045516
0.053693
0.040882
0.049105
0.047358
0.039403
0.044166
0.032282
0.042707
0.035304
0.033420
0.034070
0.040009
0.032995
0.035851
0.046107
0.033472
0.027026
0.042479
0.027231
0.031841
0.028703
0.031565
0.024633
0.025235
0.026452
0.024333
0.021780
0.029729
0.021862
0.033156
0.032825
0.029797
0.023787
0.034958
0.026312
0.027684
0.020907
0.012749
0.025449
0.020760
0.017052
0.013714
0.015429
0.015456
0.021210
0.022957
0.016335
0.012544
0.016785
0.013309
0.027114
0.017739
0.016537
0.014117
0.010366
0.008443
0.010701
0.007914
0.007901
0.008849
0.009629
0.020791
0.013657
0.009150
0.011969
0.015047
0.012265
0.006536
0.019707
0.006953
0.015528
0.016446
0.011099
0.015851
0.009105
0.011896
0.028094
0.016090
