0.083637
0.079300
0.072270
0.071832
0.071670
0.071119
0.071920
0.071848
0.067033
0.068644
0.069230
0.067743
0.068938
0.066453
0.068626
0.067881
0.067730
0.067921
0.063609
0.070418
0.069513
0.070722
0.065777
0.065400
0.065123
0.065814
0.066229
0.064787
0.063723
0.063366
0.061607
0.060257
0.061691
0.062112
0.063571
0.062221
0.062618
0.060620
0.063625
0.066616
0.059588
0.059296
0.058941
0.057540
0.060508
0.060309
0.059029
0.056892
0.054336
0.055401
0.053013
0.052562
0.055145
0.051926
0.047407
0.053837
0.045240
0.049239
0.058190
0.053441
0.053576
0.050868
0.052036
0.053762
0.048513
0.051729
0.058574
0.052255
0.064753
0.057144
0.055573
0.051465
0.047810
0.050701
0.049326
0.049035
0.053241
0.047595
0.042186
0.051758
0.049862
0.051559
0.047025
0.049364
0.052739
0.051240
0.060855
0.046209
0.048390
0.041965
0.047944
0.044161
0.047200
0.047318
0.046520
0.051714
0.043359
0.040560
0.040965
0.040777
0.040198
0.044852
0.037198
0.037261
0.038097
0.056827
0.041132
0.037979
0.038759
0.034688
0.037134
0.036019
0.045788
0.032972
0.032978
0.031508
0.042690
0.031733
0.033271
0.028852
0.025630
0.027681
0.030468
0.025373
0.027856
0.032167
0.032074
0.035992
0.035160
0.022212
0.025616
0.025337
0.020270
0.021798
0.031075
0.035863
0.031200
0.030779
0.033721
0.034608
0.029537
0.032646
0.023620
0.024728
0.029864
0.024775
0.028561
0.019708
0.023619
0.018829
