0.079409
0.073202
0.071154
0.071670
0.071219
0.069534
0.069012
0.069414
0.069117
0.068228
0.067043
0.066520
0.066425
0.067351
0.065061
0.065858
0.062239
0.064111
0.060132
0.063767
0.067747
0.065153
0.063668
0.064336
0.062904
0.063498
0.058716
0.059794
0.062088
0.059758
0.060405
0.062991
0.060239
0.060017
0.060273
0.059679
0.058938
0.060523
0.055652
0.057539
0.057526
0.054918
0.055235
0.054949
0.051038
0.057022
0.054277
0.059497
0.067137
0.057254
0.066918
0.069393
0.056250
0.055591
0.055133
0.054675
0.047864
0.056153
0.049323
0.053237
0.054090
0.046620
0.056297
0.047751
0.048318
0.044570
0.050991
0.048648
0.044887
0.044948
0.045671
0.042258
0.041449
0.042929
0.041006
0.038710
0.038624
0.033332
0.038601
0.031484
0.037963
0.039500
0.035621
0.038151
0.030621
0.056065
0.036080
0.041479
0.045890
0.042971
0.045000
0.044182
0.042288
0.039513
0.037216
0.039992
0.029760
0.033642
0.029950
0.029452
0.032711
0.033105
0.031497
0.037051
0.035860
0.030327
0.030364
0.031927
0.033211
0.031132
0.034596
0.029063
0.027028
0.032201
0.024945
0.027426
0.026850
0.027016
0.024877
0.025124
0.021638
0.018322
0.023038
0.017400
0.020952
0.021388
0.016300
0.016674
0.017246
0.014940
0.014295
0.014860
0.013799
0.021302
0.011943
0.010560
0.012730
0.012073
0.016220
0.013556
0.013150
0.019774
0.018532
0.015073
0.017466
0.010499
0.009929
0.014539
0.012375
0.009652
