0.086880
0.078987
0.072186
0.069535
0.069801
0.065053
0.067358
0.068919
0.067998
0.065329
0.067703
0.064188
0.061675
0.061786
0.061163
0.061812
0.063430
0.058651
0.061339
0.061634
0.062364
0.060573
0.061448
0.061911
0.059533
0.057765
0.057645
0.060068
0.053531
0.058922
0.055292
0.060577
0.056393
0.056489
0.055975
0.050349
0.053040
0.054893
0.057014
0.058543
0.055684
0.048934
0.053765
0.052217
0.045967
0.050828
0.048579
0.052165
0.054212
0.049319
0.053470
0.052568
0.046856
0.048581
0.050385
0.049141
0.043755
0.053819
0.047802
0.038137
0.043258
0.048216
0.042363
0.039167
0.043489
0.041888
0.035681
0.035709
0.045566
0.034083
0.042445
0.038126
0.038379
0.036943
0.038493
0.032388
0.030103
0.032731
0.033962
0.031960
0.029404
0.036406
0.027454
0.030449
0.037356
0.036237
0.034185
0.038594
0.030620
0.037903
0.032127
0.027674
0.030951
0.028792
0.029038
0.035413
0.031498
0.034759
0.034254
0.027495
0.034620
0.025231
0.029785
0.032926
0.026025
0.022764
0.027459
0.039611
0.038034
0.030483
0.032383
0.028543
0.031871
0.035262
0.032066
0.034861
0.032208
0.026144
0.024674
0.032516
0.035737
0.029275
0.021871
0.031410
0.025306
0.027974
0.026205
0.034977
0.027487
0.019760
0.037115
0.030526
0.024187
0.025544
0.019671
0.020054
0.021006
0.018749
0.020464
0.017695
0.020901
0.023590
0.022775
0.018727
0.017092
0.029048
0.020632
0.023662
0.021753
0.020226
