0.075438
0.071203
0.071670
0.071670
0.071670
0.071670
0.071670
0.071670
0.071670
0.071670
0.071670
0.071670
0.071670
0.071670
0.071670
0.071670
0.071670
0.071670
0.069385
0.071670
0.070839
0.068436
0.069044
0.067042
0.069859
0.066886
0.065820
0.067842
0.062747
0.066766
0.064267
0.061123
0.063883
0.068215
0.065360
0.061836
0.065889
0.060175
0.061541
0.059968
0.062631
0.060970
0.061811
0.060739
0.060172
0.058716
0.060999
0.058500
0.061271
0.059821
0.059784
0.060966
0.061467
0.061863
0.057056
0.059056
0.057714
0.055536
0.053925
0.058015
0.064025
0.064928
0.059443
0.062572
0.061585
0.062430
0.060350
0.059398
0.062158
0.060508
0.057772
0.056972
0.055955
0.058420
0.056834
0.054064
0.054055
0.051352
0.054090
0.055442
0.051937
0.053786
0.051677
0.050106
0.055282
0.051717
0.053974
0.055453
0.052250
0.064138
0.050534
0.048926
0.051006
0.049895
0.050678
0.055193
0.052343
0.051226
0.049769
0.047130
0.049089
0.044336
0.048192
0.054264
0.051562
0.052720
0.072780
0.050786
0.055731
0.055927
0.053264
0.049209
0.045682
0.048313
0.044368
0.046429
0.043196
0.047209
0.046996
0.040738
0.046949
0.042141
0.045429
0.040785
0.037407
0.039943
0.046697
0.045484
0.039900
0.036085
0.042629
0.040840
0.047094
0.047510
0.041686
0.043124
0.038142
0.039942
0.039586
0.033612
0.045355
0.031290
0.042639
0.035140
0.059743
0.039483
0.040802
0.037127
0.042496
0.040618
