0.073201
0.075083
0.072602
0.071955
0.071950
0.071640
0.070389
0.070116
0.071223
0.068214
0.065069
0.069983
0.063489
0.067934
0.067709
0.065322
0.067029
0.063184
0.064580
0.064887
0.065390
0.062359
0.059099
0.061473
0.059854
0.054114
0.057102
0.059600
0.055673
0.052809
0.055478
0.053983
0.056631
0.049884
0.052327
0.050704
0.051024
0.046843
0.058844
0.055150
0.047391
0.046762
0.043249
0.049672
0.040006
0.040753
0.038521
0.034791
0.034937
0.032792
0.032598
0.033239
0.037214
0.033399
0.028747
0.034836
0.023727
0.026492
0.027447
0.028130
0.042006
0.046261
0.045997
0.025776
0.039862
0.036863
0.037157
0.042196
0.035112
0.033486
0.032158
0.031034
0.023933
0.027908
0.021148
0.022050
0.018801
0.018519
0.017375
0.016990
0.022890
0.021821
0.025563
0.017551
0.031967
0.031728
0.026750
0.025568
0.020559
0.020848
0.018712
0.026692
0.021292
0.015609
0.014232
0.014483
0.013381
0.016848
0.013795
0.011161
0.010607
0.014343
0.018232
0.017227
0.017255
0.012170
0.019299
0.012724
0.013046
0.014377
0.018514
0.016445
0.019339
0.021706
0.017119
0.015036
0.012716
0.019111
0.020783
0.030017
0.016672
0.011440
0.014989
0.013343
0.018098
0.007477
0.010487
0.018894
0.010245
0.017886
0.015769
0.012944
0.019425
0.011634
0.023115
0.014564
0.018297
0.020283
0.015847
0.024220
0.015671
0.014905
0.009587
0.017235
0.012597
0.011171
0.009157
0.011295
0.012910
0.010881
