0.077181
0.071495
0.071842
0.071670
0.070840
0.069346
0.068203
0.066520
0.067365
0.065304
0.064771
0.063882
0.061416
0.064494
0.059773
0.062364
0.062113
0.060134
0.063152
0.056682
0.058523
0.058069
0.058359
0.055977
0.057088
0.058420
0.057723
0.058072
0.054999
0.055292
0.053006
0.053426
0.055119
0.059910
0.048778
0.057894
0.052128
0.049116
0.048465
0.046854
0.046482
0.049403
0.047603
0.047700
0.046805
0.048573
0.047274
0.045291
0.045681
0.040107
0.045987
0.039826
0.048734
0.043572
0.040984
0.042159
0.039899
0.043006
0.030281
0.035519
0.041829
0.042856
0.043034
0.039089
0.036121
0.029751
0.039051
0.037896
0.026044
0.025799
0.027932
0.025394
0.026587
0.023447
0.027700
0.028783
0.027533
0.019412
0.017717
0.020025
0.017825
0.011610
0.022253
0.020365
0.020033
0.022886
0.018535
0.016743
0.017506
0.016043
0.021328
0.021327
0.016551
0.014383
0.031028
0.031979
0.030564
0.020902
0.038957
0.028689
0.028296
0.018199
0.020595
0.013021
0.012346
0.010746
0.017390
0.011679
0.014933
0.010875
0.012874
0.027877
0.015361
0.016619
0.019493
0.016275
0.024005
0.012464
0.014166
0.016022
0.012951
0.011841
0.012199
0.016255
0.016011
0.014236
0.018227
0.020359
0.012883
0.016803
0.017734
0.012886
0.013522
0.014861
0.012680
0.013882
0.016500
0.018118
0.013155
0.017351
0.021526
0.009201
0.018523
0.014334
0.014899
0.013936
0.011773
0.012550
0.009708
0.010317
