0.073672
0.073531
0.070737
0.071376
0.069058
0.066952
0.065156
0.066697
0.065717
0.064653
0.060714
0.060923
0.062985
0.060713
0.060836
0.061856
0.057686
0.060174
0.055286
0.058814
0.052485
0.057053
0.053871
0.053010
0.051044
0.049949
0.050176
0.048072
0.049122
0.048203
0.045260
0.048897
0.044078
0.041383
0.045660
0.045364
0.039312
0.043054
0.036379
0.037239
0.033555
0.033561
0.038212
0.032873
0.029295
0.028258
0.034893
0.033765
0.036409
0.030838
0.037298
0.027620
0.033660
0.029450
0.029173
0.027359
0.029412
0.037977
0.032631
0.037393
0.027815
0.029532
0.030878
0.034581
0.028831
0.037412
0.032559
0.034651
0.035357
0.030505
0.031844
0.027124
0.031846
0.031862
0.029111
0.022291
0.020846
0.021768
0.020329
0.018143
0.016580
0.016760
0.015651
0.016438
0.020588
0.023581
0.015885
0.017182
0.017270
0.022816
0.017397
0.016046
0.014284
0.019207
0.013792
0.016917
0.014832
0.008661
0.013932
0.015221
0.014483
0.011013
0.017667
0.019079
0.010863
0.012798
0.011398
0.009531
0.009757
0.009792
0.008433
0.013130
0.012108
0.011629
0.012882
0.019514
0.021507
0.008171
0.013723
0.019230
0.015826
0.017728
0.015102
0.013736
0.023744
0.008410
0.023716
0.013834
0.010031
0.009581
0.012740
0.013286
0.006803
0.010387
0.018380
0.011627
0.018466
0.015168
0.023800
0.017197
0.016961
0.022195
0.011233
0.017633
0.014929
0.013684
0.017414
0.014712
0.008883
0.006372
