0.071828
0.070567
0.070512
0.070750
0.069043
0.068628
0.069378
0.067280
0.069155
0.069276
0.068640
0.066881
0.065165
0.065864
0.066226
0.063130
0.065104
0.063579
0.061619
0.063073
0.060215
0.060854
0.059011
0.059888
0.062345
0.060677
0.059789
0.059233
0.061201
0.060871
0.062870
0.055077
0.058402
0.059543
0.055322
0.057946
0.060019
0.056468
0.054940
0.056861
0.055805
0.061630
0.055532
0.054050
0.057092
0.053619
0.053305
0.052074
0.051081
0.047469
0.052357
0.044222
0.048381
0.043755
0.047018
0.040794
0.042336
0.044880
0.036409
0.043411
0.036412
0.031110
0.031047
0.037840
0.047281
0.042122
0.039210
0.044318
0.033212
0.035957
0.035701
0.027568
0.033902
0.030968
0.035251
0.032717
0.028491
0.032792
0.033589
0.038032
0.036738
0.038180
0.028894
0.036823
0.030131
0.028297
0.030220
0.029568
0.029127
0.026908
0.028661
0.019479
0.025924
0.024564
0.032390
0.023155
0.019549
0.026651
0.021490
0.026058
0.018033
0.023682
0.022426
0.023048
0.018026
0.016019
0.022348
0.016624
0.011640
0.026942
0.013514
0.018454
0.013115
0.016738
0.010598
0.010905
0.010050
0.012899
0.013246
0.014053
0.014355
0.011512
0.018025
0.010077
0.010081
0.013559
0.011714
0.011056
0.012437
0.015281
0.012684
0.023625
0.012251
0.032556
0.015599
0.010345
0.012942
0.009328
0.016495
0.011455
0.012208
0.008115
0.021922
0.014078
0.015787
0.016604
0.013314
0.009324
0.008893
0.012719
