0.075386
0.071203
0.074463
0.071504
0.071894
0.068048
0.068630
0.068382
0.065695
0.066044
0.065580
0.062282
0.062612
0.065458
0.064010
0.061673
0.061899
0.058078
0.061219
0.056575
0.056299
0.056318
0.055638
0.057476
0.053726
0.050667
0.051494
0.052885
0.051915
0.058180
0.050375
0.060232
0.049675
0.051493
0.047431
0.053181
0.047965
0.052057
0.051237
0.051767
0.049758
0.047470
0.043699
0.047860
0.044629
0.044174
0.047524
0.040700
0.041240
0.039916
0.039328
0.045352
0.033027
0.033519
0.035859
0.032779
0.028205
0.030419
0.028397
0.025871
0.031749
0.026571
0.024674
0.030495
0.023959
0.021412
0.021936
0.024142
0.023487
0.020657
0.024296
0.022028
0.020802
0.020248
0.019068
0.013766
0.014066
0.016430
0.036385
0.018064
0.020898
0.020058
0.022528
0.019620
0.020376
0.014980
0.017461
0.019606
0.029534
0.021438
0.016877
0.016212
0.021625
0.014299
0.030878
0.013963
0.022593
0.015999
0.011340
0.014815
0.011595
0.013699
0.009057
0.012963
0.011149
0.013639
0.014097
0.015035
0.025524
0.013285
0.014971
0.016594
0.016458
0.024993
0.015754
0.016035
0.011886
0.012048
0.015877
0.013127
0.019310
0.013012
0.016290
0.014326
0.020129
0.017285
0.007620
0.010643
0.008772
0.012201
0.011351
0.010406
0.011891
0.008862
0.005979
0.008989
0.010906
0.010349
0.005344
0.008020
0.008497
0.008039
0.018951
0.032921
0.024228
0.024222
0.016369
0.028157
0.020700
0.029132
