0.074351
0.073532
0.073737
0.073847
0.071525
0.066729
0.067058
0.065352
0.064279
0.058829
0.058309
0.055834
0.053010
0.056350
0.052054
0.053918
0.055558
0.053245
0.044829
0.046816
0.044524
0.045159
0.049996
0.045693
0.047545
0.047662
0.047878
0.047972
0.045636
0.045753
0.048518
0.042443
0.040867
0.045843
0.047926
0.038180
0.044199
0.037037
0.046462
0.043544
0.043211
0.036760
0.042107
0.040677
0.040639
0.040367
0.043077
0.040185
0.046296
0.038572
0.038410
0.041485
0.033461
0.029595
0.040141
0.035659
0.032289
0.030357
0.031231
0.032003
0.025458
0.024467
0.023822
0.025510
0.027968
0.037407
0.028651
0.027543
0.025453
0.029219
0.029535
0.022769
0.026268
0.020549
0.028173
0.030418
0.034147
0.035433
0.030519
0.020953
0.034947
0.033964
0.025455
0.028850
0.027906
0.016536
0.018826
0.021328
0.014882
0.017376
0.018868
0.014109
0.014452
0.013742
0.014283
0.012270
0.013528
0.011414
0.013268
0.009284
0.022869
0.012951
0.017501
0.015865
0.026021
0.009528
0.017583
0.013677
0.014241
0.017977
0.016100
0.012709
0.018780
0.013579
0.014294
0.016167
0.018483
0.014583
0.013958
0.012830
0.011915
0.010315
0.006788
0.009051
0.008402
0.010577
0.009717
0.007049
0.006046
0.004164
0.004736
0.009544
0.004718
0.014467
0.009013
0.008558
0.006444
0.007558
0.011223
0.011622
0.006483
0.009627
0.010570
0.011729
0.008967
0.013603
0.007043
0.006685
0.005116
0.009354
