0.077394
0.069671
0.069419
0.070981
0.070326
0.073834
0.063860
0.066280
0.069283
0.066257
0.065069
0.065967
0.062883
0.059181
0.056689
0.059899
0.060187
0.060967
0.061498
0.054655
0.054306
0.049132
0.049616
0.053668
0.042315
0.043754
0.037010
0.044202
0.036461
0.037491
0.030969
0.026847
0.029264
0.031313
0.027446
0.035610
0.037981
0.027717
0.036185
0.023977
0.026138
0.023970
0.021973
0.018333
0.018534
0.015667
0.019398
0.019874
0.022870
0.012965
0.013428
0.011581
0.019966
0.018633
0.013784
0.013768
0.007220
0.010115
0.012811
0.010188
0.015870
0.007727
0.013262
0.012356
0.011962
0.014050
0.013503
0.004786
0.010756
0.007507
0.005656
0.004742
0.008026
0.006967
0.011163
0.005770
0.009682
0.002573
0.011782
0.009907
0.006298
0.009790
0.007924
0.006169
0.006131
0.018393
0.006394
0.012463
0.030244
0.013539
0.028417
0.009482
0.021429
0.014099
0.020263
0.012158
0.015389
0.021638
0.018378
0.012522
0.015656
0.015364
0.012285
0.007463
0.019336
0.003464
0.010574
0.009769
0.012557
0.006501
0.008251
0.004385
0.004450
0.003651
0.003684
0.004141
0.004329
0.001498
0.007554
0.002715
0.005611
0.004014
0.001800
0.001634
0.008506
0.001985
0.003396
0.002786
0.003199
0.006389
0.002646
0.008190
0.015076
0.008106
0.006138
0.009758
0.004470
0.003957
0.005604
0.006838
0.006182
0.004602
0.006401
0.002917
0.012387
0.007241
0.032010
0.010068
0.008564
0.005183
