0.077943
0.073804
0.070129
0.066181
0.068043
0.066316
0.061654
0.065372
0.065759
0.063070
0.062395
0.060181
0.053123
0.055401
0.054861
0.049382
0.051255
0.051108
0.049872
0.046201
0.038309
0.039315
0.043537
0.040732
0.041593
0.037466
0.043317
0.033502
0.039277
0.036184
0.038815
0.031381
0.033044
0.027657
0.035051
0.025303
0.032947
0.032217
0.030718
0.028426
0.017647
0.021927
0.016991
0.021133
0.020237
0.020900
0.014027
0.022584
0.012140
0.016319
0.018227
0.013624
0.012140
0.023567
0.011265
0.027980
0.010104
0.010824
0.022622
0.016811
0.023091
0.012105
0.021200
0.018058
0.021254
0.030124
0.017367
0.015322
0.024754
0.011656
0.021100
0.015518
0.014083
0.011819
0.019372
0.014321
0.012379
0.011422
0.019590
0.008278
0.014877
0.012295
0.008362
0.014904
0.011948
0.005025
0.007391
0.007493
0.004770
0.006499
0.002736
0.003854
0.003643
0.004236
0.001833
0.002731
0.002897
0.000766
0.002499
0.003394
0.000809
0.002007
0.001342
0.001085
0.000868
0.001193
0.000470
0.000739
0.001276
0.000635
0.000761
0.000322
0.000471
0.001024
0.001458
0.000463
0.000925
0.004380
0.000606
0.000352
0.004156
0.005047
0.000404
0.021840
0.004486
0.007304
0.007038
0.005991
0.010559
0.007152
0.000831
0.008911
0.012899
0.002996
0.010158
0.002752
0.006412
0.025308
0.003574
0.005819
0.007903
0.000800
0.016595
0.002262
0.011862
0.005375
0.007398
0.007580
0.001170
0.007904
