0.084315
0.073407
0.074112
0.074661
0.070200
0.070561
0.069138
0.067791
0.065147
0.066400
0.062422
0.058921
0.061031
0.061352
0.060369
0.058877
0.055771
0.060142
0.057941
0.057457
0.055163
0.053159
0.053064
0.053911
0.050117
0.052254
0.051220
0.049819
0.049220
0.047952
0.048394
0.046417
0.041214
0.045809
0.040589
0.036323
0.041647
0.035696
0.039937
0.035464
0.032820
0.032786
0.032888
0.037623
0.034045
0.036245
0.038355
0.031274
0.031161
0.030796
0.031020
0.036101
0.026549
0.030564
0.028439
0.027839
0.031212
0.026249
0.019893
0.019532
0.020389
0.023608
0.015970
0.020342
0.017809
0.015122
0.016029
0.023243
0.006948
0.031279
0.018459
0.024463
0.015922
0.012583
0.010468
0.019455
0.012817
0.020321
0.027516
0.036148
0.011256
0.031820
0.027567
0.024053
0.015705
0.018049
0.015643
0.010102
0.012246
0.010265
0.009633
0.008791
0.008254
0.006673
0.007681
0.013079
0.007778
0.033857
0.019077
0.010385
0.013281
0.011672
0.009841
0.008526
0.006958
0.007560
0.011655
0.007027
0.005902
0.011013
0.005129
0.006813
0.005889
0.003322
0.003741
0.003674
0.004137
0.005061
0.004058
0.013611
0.001959
0.007229
0.007063
0.011070
0.004928
0.002940
0.003215
0.003629
0.002517
0.003187
0.002419
0.008218
0.006673
0.004355
0.003576
0.002516
0.004920
0.001411
0.006648
0.000688
0.009088
0.002686
0.002818
0.002373
0.011329
0.001985
0.005716
0.002704
0.000378
0.000344
