0.084146
0.081897
0.070759
0.068517
0.071456
0.069578
0.068300
0.063452
0.062571
0.059233
0.060293
0.053415
0.049794
0.055655
0.048091
0.051676
0.056767
0.050251
0.053127
0.039628
0.050449
0.048676
0.046967
0.047636
0.039106
0.042115
0.040228
0.034657
0.038110
0.030445
0.029899
0.032104
0.032689
0.024530
0.030444
0.027869
0.025274
0.027262
0.022247
0.019979
0.023440
0.021954
0.030833
0.030564
0.027017
0.024530
0.020458
0.020360
0.017743
0.017433
0.011643
0.012224
0.011709
0.011679
0.010391
0.006447
0.014581
0.013326
0.010148
0.015765
0.018284
0.013358
0.009076
0.010818
0.007403
0.007328
0.007888
0.005719
0.007153
0.006293
0.005076
0.004649
0.006186
0.005094
0.004518
0.014310
0.024385
0.027788
0.033987
0.031118
0.028456
0.016069
0.020802
0.010569
0.025584
0.016880
0.018122
0.020181
0.030786
0.006031
0.009135
0.014298
0.007899
0.006314
0.008221
0.005754
0.002492
0.002818
0.003293
0.002031
0.004098
0.001377
0.004984
0.008693
0.002750
0.018053
0.002136
0.023907
0.005971
0.009002
0.009652
0.004349
0.011106
0.017998
0.003456
0.009506
0.005603
0.004684
0.002299
0.002022
0.003958
0.001308
0.001744
0.005115
0.005042
0.003645
0.006259
0.003459
0.016994
0.005925
0.001376
0.002722
0.001664
0.007406
0.005744
0.002013
0.008351
0.003408
0.000750
0.001198
0.001767
0.001175
0.001096
0.001132
0.000262
0.000252
0.000436
0.001036
0.000432
0.000308
