0.075630
0.071315
0.069015
0.070327
0.067846
0.065285
0.056124
0.057405
0.060476
0.056549
0.058206
0.051550
0.051589
0.050646
0.049111
0.047350
0.048117
0.045517
0.042582
0.038456
0.042203
0.035987
0.038173
0.040904
0.037929
0.034864
0.039766
0.039240
0.034700
0.028112
0.027428
0.031133
0.036699
0.024079
0.024985
0.019150
0.025875
0.014437
0.017818
0.021868
0.014255
0.022107
0.018617
0.026305
0.018783
0.025435
0.019365
0.031562
0.019706
0.019955
0.017015
0.015707
0.017300
0.013081
0.013142
0.009351
0.012373
0.012424
0.014544
0.015204
0.012734
0.009445
0.012814
0.008070
0.006756
0.009755
0.008904
0.006191
0.007767
0.004734
0.004209
0.008777
0.006494
0.005843
0.009611
0.007163
0.010119
0.022469
0.010482
0.010991
0.009261
0.009015
0.009740
0.005493
0.012458
0.006410
0.007462
0.004320
0.018779
0.006634
0.009150
0.006146
0.009464
0.006407
0.002647
0.011912
0.005533
0.010048
0.008726
0.005139
0.014158
0.003927
0.010754
0.007191
0.009408
0.003224
0.002091
0.003899
0.007430
0.002653
0.001765
0.002517
0.002744
0.002839
0.001152
0.004463
0.001551
0.001171
0.001847
0.000750
0.000947
0.000527
0.002945
0.001286
0.003894
0.003998
0.000970
0.001125
0.002126
0.002327
0.001264
0.001070
0.002153
0.000753
0.002196
0.001907
0.001725
0.001583
0.001897
0.000451
0.000778
0.000613
0.000472
0.001564
0.001486
0.000898
0.001154
0.000882
0.002156
0.001580
