0.072637
0.075590
0.071888
0.072374
0.072068
0.069423
0.069626
0.066898
0.063149
0.063168
0.062176
0.064146
0.063133
0.059728
0.063660
0.061912
0.053588
0.054081
0.052072
0.057436
0.053059
0.049506
0.051613
0.044886
0.045808
0.044666
0.042949
0.041509
0.039282
0.037304
0.034101
0.032696
0.030068
0.031501
0.026502
0.030550
0.028794
0.030183
0.023734
0.021862
0.018654
0.019208
0.018700
0.012278
0.016036
0.017394
0.016226
0.012527
0.019349
0.016795
0.016542
0.015050
0.016415
0.012431
0.012832
0.011282
0.013149
0.008039
0.012424
0.009805
0.005197
0.017037
0.010091
0.005219
0.014952
0.004954
0.006994
0.007112
0.013431
0.038710
0.009524
0.027406
0.008466
0.022950
0.014201
0.005399
0.017223
0.018779
0.008426
0.009019
0.013954
0.034339
0.021565
0.014416
0.034629
0.015591
0.010499
0.020837
0.018089
0.010938
0.017629
0.007633
0.015498
0.006804
0.007869
0.008756
0.005090
0.005490
0.002869
0.004491
0.004751
0.003459
0.004318
0.005153
0.001158
0.003212
0.001596
0.002507
0.002552
0.006766
0.005242
0.006649
0.002751
0.001927
0.003283
0.002333
0.002777
0.001095
0.003194
0.002330
0.000893
0.003807
0.000824
0.000743
0.000984
0.001520
0.000305
0.001377
0.000862
0.000402
0.000681
0.000963
0.000403
0.000372
0.000309
0.000759
0.000864
0.000875
0.000551
0.000172
0.000102
0.000146
0.000181
0.000154
0.000067
0.000062
0.000073
0.000050
0.000046
0.000123
