0.108691
0.071670
0.071670
0.071828
0.071556
0.072389
0.074067
0.073295
0.070650
0.070651
0.070887
0.075163
0.072009
0.068649
0.076681
0.070005
0.069946
0.068766
0.065722
0.061204
0.060448
0.061511
0.061467
0.057706
0.060668
0.062311
0.060844
0.059977
0.058277
0.059612
0.059127
0.057209
0.057303
0.059548
0.056768
0.057124
0.060522
0.054006
0.056480
0.055612
0.057555
0.056298
0.054230
0.052717
0.050811
0.051967
0.051156
0.052254
0.052728
0.053812
0.051516
0.049257
0.046344
0.048104
0.044843
0.046131
0.049374
0.047794
0.048969
0.048287
0.045304
0.042810
0.045772
0.047007
0.044878
0.044317
0.043923
0.045160
0.048427
0.043877
0.048103
0.043583
0.044861
0.045065
0.044596
0.045387
0.041954
0.042836
0.042613
0.043955
0.043018
0.039951
0.041723
0.044012
0.041116
0.043351
0.044810
0.040409
0.043539
0.043555
0.038220
0.044263
0.042911
0.045175
0.041957
0.041852
0.041312
0.043313
0.043271
0.041030
0.040799
0.039830
0.040146
0.039190
0.041362
0.041638
0.040766
0.039946
0.038379
0.042778
0.040978
0.041459
0.037889
0.041177
0.039812
0.040225
0.038062
0.041216
0.042332
0.036869
0.041342
0.038678
0.038455
0.041037
0.037552
0.041865
0.041121
0.037052
0.039331
0.040087
0.039418
0.040866
0.039604
0.040041
0.041278
0.040889
0.040233
0.039552
0.040480
0.043559
0.050625
0.047789
0.045479
0.044346
0.049493
0.048916
0.050458
0.047788
0.050166
0.050622
