0.348854
0.135363
0.072317
0.074110
0.074844
0.071434
0.072108
0.071828
0.070922
0.072531
0.071985
0.071670
0.071670
0.071670
0.071670
0.071670
0.071670
0.071670
0.071670
0.071670
0.071670
0.070839
0.070529
0.072292
0.072815
0.074573
0.073009
0.070533
0.071670
0.071670
0.070533
0.074566
0.072378
0.071483
0.070492
0.069853
0.068969
0.069510
0.074500
0.070225
0.069049
0.070096
0.069667
0.070316
0.068783
0.069250
0.070016
0.068931
0.066869
0.066817
0.067246
0.068639
0.067583
0.068302
0.069080
0.070371
0.071670
0.071670
0.071670
0.071670
0.071670
0.071670
0.071670
0.071670
0.071670
0.071670
0.071670
0.071670
0.071670
0.071670
0.071670
0.071670
0.071670
0.071670
0.071670
0.071670
0.071670
0.071670
0.071670
0.071670
0.071670
0.071670
0.071670
0.071670
0.071670
0.071670
0.071670
0.071670
0.071670
0.071670
0.071670
0.071670
0.071670
0.071670
0.071670
0.071670
0.071670
0.071670
0.071670
0.071670
0.071670
0.071670
0.071670
0.071670
0.070839
0.071203
0.072906
0.071828
0.074642
0.071832
0.071985
0.071066
0.071058
0.070376
0.071203
0.071670
0.070257
0.069102
0.070473
0.071360
0.071670
0.071670
0.071670
0.071670
0.070839
0.070572
0.070297
0.070717
0.069667
0.071670
0.071670
0.070268
0.069790
0.070625
0.070644
0.071670
0.071670
0.071670
0.071203
0.070813
0.070585
0.071212
0.070996
0.070651
0.069387
0.069322
0.069514
0.069794
0.070875
0.069829
