0.344862
0.144095
0.071669
0.073107
0.069908
0.069820
0.070530
0.069876
0.067944
0.070028
0.065497
0.071934
0.066012
0.068001
0.069060
0.070317
0.067295
0.066028
0.067382
0.067291
0.067494
0.064058
0.065924
0.068598
0.066491
0.066236
0.066646
0.068576
0.064863
0.064559
0.064381
0.063358
0.061971
0.061995
0.064302
0.061495
0.062290
0.055076
0.054540
0.052705
0.056286
0.054891
0.051861
0.051467
0.054970
0.050060
0.052784
0.051804
0.046705
0.046377
0.042637
0.047048
0.042838
0.041804
0.040509
0.040110
0.042186
0.042612
0.040291
0.040981
0.037361
0.035702
0.038561
0.038656
0.040501
0.038634
0.040024
0.041444
0.038295
0.037172
0.037543
0.039637
0.033924
0.034661
0.039053
0.036607
0.038259
0.038359
0.036905
0.035770
0.038150
0.038751
0.038654
0.036031
0.037647
0.036454
0.035093
0.034816
0.037235
0.037565
0.038159
0.036318
0.036468
0.036561
0.037040
0.037142
0.033663
0.037163
0.036944
0.037947
0.037101
0.035354
0.035587
0.036064
0.037573
0.036001
0.032581
0.035295
0.036112
0.035865
0.033283
0.035996
0.029863
0.036769
0.034833
0.037528
0.034005
0.030710
0.032595
0.030416
0.032479
0.035753
0.028377
0.031312
0.028044
0.030764
0.033791
0.031402
0.029719
0.026784
0.027236
0.030452
0.026894
0.025741
0.028890
0.027832
0.028096
0.025081
0.026329
0.024700
0.025381
0.028075
0.024017
0.028435
0.027056
0.024488
0.024014
0.021658
0.025798
0.022356
