0.120697
0.107244
0.082532
0.075262
0.073244
0.071670
0.071670
0.071670
0.071670
0.071670
0.071670
0.071670
0.071670
0.071670
0.071670
0.071670
0.071670
0.071670
0.071670
0.071670
0.071670
0.071670
0.071670
0.071670
0.071670
0.070996
0.067447
0.066322
0.067552
0.064813
0.067158
0.066725
0.064866
0.069796
0.062027
0.065950
0.060430
0.066056
0.062672
0.060313
0.063768
0.063335
0.063183
0.060607
0.058953
0.062655
0.060809
0.059931
0.060435
0.058219
0.060786
0.061465
0.060211
0.058673
0.061094
0.059399
0.060288
0.058504
0.061582
0.059219
0.060529
0.058027
0.058140
0.058511
0.055940
0.059887
0.058830
0.059641
0.059167
0.055972
0.058398
0.057717
0.059449
0.060214
0.059749
0.055385
0.058205
0.054623
0.057114
0.057260
0.056802
0.056371
0.059313
0.059337
0.055750
0.057175
0.056819
0.055976
0.057596
0.058960
0.056187
0.056507
0.055879
0.058183
0.053801
0.058599
0.057045
0.056313
0.055015
0.055142
0.054210
0.055117
0.054366
0.056720
0.058073
0.057331
0.054003
0.057309
0.057287
0.055550
0.053487
0.053688
0.050478
0.049795
0.054638
0.052946
0.052095
0.053413
0.049882
0.049620
0.053019
0.052625
0.049656
0.049471
0.051546
0.050680
0.050312
0.052860
0.049773
0.052592
0.048646
0.051370
0.050174
0.049394
0.047389
0.049420
0.051413
0.049495
0.048832
0.048061
0.050918
0.048951
0.045895
0.047662
0.048667
0.048875
0.050548
0.047828
0.046400
0.047756
