0.199435
0.233717
0.240148
0.179193
0.146304
0.093134
0.085331
0.074175
0.067471
0.065189
0.063373
0.067874
0.068261
0.065117
0.067453
0.063834
0.068134
0.062849
0.063541
0.062007
0.063461
0.059834
0.061516
0.060781
0.061232
0.061577
0.062404
0.063808
0.059670
0.060972
0.062193
0.059313
0.060916
0.060417
0.060759
0.060468
0.058784
0.059068
0.059645
0.061052
0.059324
0.060853
0.060946
0.059630
0.059960
0.059351
0.058525
0.058522
0.059780
0.059586
0.058482
0.060772
0.059437
0.059387
0.058466
0.060881
0.060426
0.059786
0.059367
0.058416
0.056858
0.057022
0.056753
0.057749
0.059332
0.058283
0.058895
0.057002
0.058961
0.059237
0.057502
0.059580
0.059239
0.058407
0.058365
0.058489
0.058487
0.058161
0.058212
0.060054
0.059266
0.057918
0.059310
0.060225
0.059781
0.058542
0.059555
0.058652
0.055421
0.058132
0.058355
0.056836
0.055556
0.055341
0.057721
0.055330
0.057285
0.058236
0.058709
0.060650
0.057518
0.058847
0.055131
0.058212
0.056556
0.059059
0.059530
0.057814
0.058539
0.057728
0.053684
0.058435
0.056819
0.055440
0.056586
0.054296
0.057500
0.055271
0.057901
0.056443
0.055230
0.055713
0.053422
0.056916
0.049588
0.047018
0.045690
0.046355
0.043025
0.045528
0.040183
0.045165
0.039672
0.042014
0.038605
0.035350
0.036336
0.036184
0.035054
0.034723
0.036843
0.035520
0.035113
0.036396
0.033434
0.035368
0.030103
0.030785
0.029803
0.030816
