0.096076
0.075773
0.066912
0.070497
0.069283
0.068073
0.068835
0.065367
0.067540
0.064651
0.064905
0.064877
0.063279
0.063592
0.062525
0.063027
0.062384
0.063295
0.063391
0.062130
0.061210
0.061240
0.060238
0.060688
0.063022
0.060765
0.059892
0.062086
0.061366
0.059190
0.058348
0.057116
0.058788
0.061432
0.058577
0.055499
0.058922
0.057358
0.058078
0.057916
0.058136
0.059125
0.057530
0.059485
0.056309
0.057414
0.058484
0.056479
0.055637
0.055259
0.059592
0.056741
0.059411
0.061561
0.054926
0.053082
0.058201
0.057432
0.056535
0.056574
0.058441
0.057920
0.053893
0.056227
0.053227
0.056081
0.053745
0.058551
0.054085
0.054515
0.055607
0.052304
0.056227
0.052870
0.056035
0.053255
0.052676
0.049803
0.053222
0.053676
0.049201
0.053052
0.057695
0.054055
0.051820
0.051943
0.051341
0.056231
0.052719
0.057893
0.057419
0.056372
0.055922
0.056389
0.054044
0.055189
0.057907
0.054102
0.051250
0.050486
0.052005
0.052679
0.048736
0.052132
0.047194
0.046349
0.046139
0.044798
0.042260
0.047612
0.047586
0.041942
0.037977
0.041856
0.044899
0.039214
0.038073
0.038473
0.037074
0.036556
0.038558
0.035666
0.033511
0.032704
0.030572
0.031110
0.028333
0.032716
0.029160
0.026269
0.032627
0.024338
0.025916
0.022638
0.024599
0.021403
0.019043
0.021042
0.023006
0.031191
0.028507
0.027989
0.033033
0.025800
0.031366
0.029901
0.031766
0.025279
0.024621
0.020942
