0.091347
0.074177
0.071518
0.071203
0.070839
0.071670
0.071670
0.071670
0.071670
0.071670
0.075414
0.070569
0.068407
0.073257
0.068309
0.069029
0.063451
0.065267
0.058612
0.059666
0.062549
0.060397
0.056066
0.058480
0.059011
0.059683
0.058347
0.059119
0.056411
0.056693
0.056433
0.056905
0.054999
0.055632
0.058649
0.054567
0.055549
0.053792
0.052744
0.048948
0.051852
0.050493
0.048993
0.047722
0.052219
0.049257
0.051366
0.049259
0.048199
0.047492
0.046538
0.044140
0.045045
0.039024
0.042049
0.042729
0.040730
0.039867
0.035420
0.036594
0.036801
0.034269
0.036123
0.035645
0.035564
0.032963
0.040612
0.036786
0.035671
0.034088
0.032359
0.033875
0.038843
0.036250
0.033094
0.031919
0.032792
0.031038
0.029587
0.023882
0.029370
0.027895
0.025232
0.022971
0.020697
0.018100
0.018517
0.016558
0.020166
0.020916
0.020677
0.020796
0.017701
0.018948
0.017147
0.018159
0.014239
0.016998
0.012931
0.012292
0.012584
0.010240
0.010586
0.009164
0.010010
0.008787
0.008406
0.008424
0.010325
0.009341
0.007413
0.008246
0.007512
0.005758
0.005919
0.005620
0.004143
0.006956
0.004658
0.005317
0.003870
0.007081
0.004458
0.003800
0.003722
0.004468
0.004444
0.003406
0.003725
0.003582
0.009064
0.003497
0.007185
0.004485
0.005777
0.004679
0.004432
0.007234
0.004275
0.005893
0.005000
0.004496
0.004164
0.004973
0.003122
0.004183
0.003145
0.003068
0.002167
0.002704
