0.125786
0.075834
0.071328
0.076267
0.071604
0.074728
0.068140
0.068955
0.066494
0.070531
0.069263
0.067553
0.064571
0.062449
0.063263
0.059693
0.059994
0.057484
0.060607
0.059069
0.056507
0.057816
0.055834
0.055168
0.055150
0.051754
0.052852
0.051720
0.049834
0.050527
0.049536
0.051071
0.049602
0.045137
0.045878
0.045810
0.049253
0.043855
0.044724
0.041780
0.044631
0.040497
0.037728
0.040871
0.039445
0.038693
0.037233
0.036138
0.036481
0.036324
0.033430
0.033057
0.032253
0.033678
0.035011
0.039062
0.029433
0.031982
0.034834
0.043221
0.033397
0.034378
0.032023
0.030123
0.029294
0.025749
0.028824
0.029873
0.024357
0.029702
0.028274
0.030121
0.028656
0.026444
0.031053
0.025934
0.030813
0.028199
0.027431
0.027411
0.024401
0.030306
0.026265
0.028457
0.025204
0.023058
0.026003
0.024795
0.022706
0.021792
0.024643
0.023297
0.020969
0.021556
0.022715
0.019830
0.021132
0.019909
0.020550
0.021807
0.020953
0.022361
0.019361
0.022485
0.019672
0.019466
0.019498
0.019982
0.014519
0.016667
0.016113
0.012828
0.014744
0.010346
0.008668
0.015942
0.007891
0.013649
0.012943
0.012110
0.008250
0.021656
0.031231
0.013872
0.025987
0.022492
0.030764
0.021069
0.031275
0.020566
0.016592
0.014890
0.010374
0.007549
0.005630
0.004880
0.006364
0.006657
0.006321
0.007744
0.006232
0.004813
0.007010
0.004638
0.007788
0.003987
0.005254
0.006847
0.003729
0.005114
