0.108865
0.108521
0.096285
0.085399
0.072080
0.068537
0.069131
0.061999
0.062498
0.060739
0.060937
0.061183
0.054361
0.054106
0.052826
0.047921
0.047379
0.046004
0.043617
0.045787
0.044386
0.041753
0.043259
0.047844
0.040227
0.041871
0.037251
0.035957
0.037210
0.038535
0.035389
0.035257
0.034351
0.033267
0.030911
0.034520
0.037085
0.028204
0.028171
0.025342
0.029020
0.024786
0.027554
0.022657
0.021916
0.023560
0.021053
0.026309
0.020702
0.020219
0.019813
0.016925
0.018541
0.017592
0.018336
0.016114
0.015170
0.016484
0.016354
0.012297
0.011628
0.008579
0.008033
0.005173
0.007065
0.003602
0.009360
0.005358
0.005792
0.004935
0.003083
0.002653
0.002763
0.001677
0.001285
0.001550
0.001482
0.001257
0.000801
0.000579
0.001358
0.000903
0.001305
0.001572
0.000384
0.001547
0.000666
0.000494
0.000560
0.000499
0.000630
0.000443
0.000344
0.000366
0.000717
0.000242
0.000337
0.000167
0.000220
0.000267
0.000336
0.000332
0.000210
0.000288
0.000222
0.000191
0.000157
0.000126
0.000159
0.000209
0.000165
0.000178
0.000108
0.000186
0.000158
0.000148
0.000094
0.000110
0.000124
0.000152
0.000197
0.000124
0.000149
0.000122
0.000129
0.000113
0.000102
0.000071
0.000099
0.000111
0.000075
0.000050
0.000057
0.000053
0.000065
0.000054
0.000097
0.000067
0.000051
0.000054
0.000052
0.000049
0.000064
0.000062
0.000064
0.000083
0.000064
0.000049
0.000043
0.000042
