0.110968
0.073865
0.072387
0.071950
0.071670
0.071670
0.071670
0.071670
0.071670
0.071670
0.071670
0.071670
0.071670
0.071670
0.071670
0.071670
0.071670
0.070839
0.068811
0.068989
0.068579
0.068708
0.068320
0.067597
0.068942
0.068490
0.069319
0.069938
0.065935
0.067361
0.067529
0.068360
0.067029
0.065836
0.066464
0.066286
0.065786
0.066628
0.065751
0.065165
0.066980
0.066385
0.064212
0.065431
0.065030
0.063705
0.066655
0.065819
0.065578
0.065814
0.065813
0.064989
0.063813
0.064541
0.063507
0.068969
0.066180
0.070735
0.068333
0.066665
0.068221
0.065294
0.065044
0.065565
0.065828
0.065386
0.064626
0.065284
0.065257
0.065321
0.063748
0.064827
0.064650
0.065667
0.064528
0.063596
0.065270
0.064599
0.063143
0.063256
0.062571
0.061861
0.063664
0.064272
0.062364
0.063040
0.061806
0.063944
0.061637
0.062635
0.060500
0.059999
0.062347
0.059545
0.061099
0.062257
0.058913
0.060696
0.060259
0.072259
0.056582
0.060213
0.061470
0.063072
0.061679
0.062162
0.062222
0.062486
0.061403
0.063837
0.060101
0.061205
0.059814
0.060829
0.061335
0.059632
0.058963
0.059504
0.059184
0.059424
0.056835
0.056096
0.057778
0.056980
0.058148
0.055459
0.058206
0.057770
0.055786
0.057435
0.056723
0.056700
0.056355
0.053402
0.057499
0.058803
0.052158
0.055841
0.056373
0.056701
0.056700
0.054749
0.057307
0.055891
0.055684
0.057068
0.050797
0.052038
0.049246
0.112793
