0.074439
0.073237
0.071670
0.071670
0.071670
0.071670
0.071670
0.071670
0.071670
0.071670
0.071670
0.071670
0.071670
0.071670
0.071670
0.071670
0.071670
0.071670
0.071670
0.071670
0.071670
0.071670
0.071670
0.077447
0.068192
0.070735
0.071203
0.068163
0.069847
0.065079
0.069786
0.067607
0.062333
0.069498
0.062254
0.064158
0.064021
0.061954
0.062438
0.062355
0.064137
0.063714
0.062268
0.059195
0.064153
0.061578
0.061732
0.062147
0.063642
0.061968
0.062766
0.059723
0.060672
0.060403
0.061064
0.060227
0.061148
0.060153
0.058654
0.057907
0.057554
0.058303
0.060393
0.060621
0.055856
0.056445
0.057267
0.056895
0.058125
0.058094
0.057529
0.055330
0.055273
0.055749
0.054865
0.056769
0.055259
0.053734
0.052963
0.053512
0.049487
0.048078
0.048325
0.045344
0.043853
0.048405
0.048802
0.046494
0.045463
0.049084
0.041142
0.048102
0.046623
0.052723
0.050724
0.046157
0.042390
0.044230
0.049911
0.042243
0.047214
0.042044
0.041701
0.038820
0.043392
0.039217
0.042392
0.044534
0.039251
0.044028
0.035831
0.043574
0.037544
0.041972
0.034056
0.037457
0.036282
0.040595
0.036993
0.036327
0.035920
0.036078
0.033430
0.036879
0.029518
0.045765
0.036508
0.033333
0.038362
0.034903
0.039879
0.032037
0.037503
0.037256
0.039978
0.039120
0.030905
0.033411
0.030247
0.027814
0.027969
0.026223
0.027043
0.029606
0.026473
0.026894
0.026843
0.025181
0.026422
0.025598
