0.170000
0.170000
0.240000
0.165000
0.165000
0.165000
0.170000
0.165000
0.165000
0.170000
0.175000
0.275000
0.275000
0.315000
0.295000
0.320000
0.305000
0.315000
0.320000
0.320000
0.320000
0.320000
0.320000
0.325000
0.325000
0.325000
0.325000
0.320000
0.325000
0.340000
0.370000
0.390000
0.415000
0.420000
0.460000
0.395000
0.385000
0.330000
0.340000
0.390000
0.345000
0.325000
0.350000
0.405000
0.430000
0.400000
0.425000
0.400000
0.425000
0.445000
0.465000
0.470000
0.480000
0.505000
0.505000
0.495000
0.495000
0.560000
0.550000
0.590000
0.610000
0.620000
0.625000
0.625000
0.625000
0.645000
0.640000
0.650000
0.640000
0.640000
0.645000
0.650000
0.650000
0.640000
0.655000
0.655000
0.655000
0.645000
0.655000
0.655000
0.655000
0.650000
0.655000
0.645000
0.655000
0.655000
0.655000
0.655000
0.655000
0.655000
0.655000
0.655000
0.655000
0.655000
0.655000
0.655000
0.655000
0.655000
0.655000
0.655000
0.655000
0.655000
0.655000
0.655000
0.655000
0.655000
0.655000
0.655000
0.655000
0.655000
0.655000
0.655000
0.655000
0.655000
0.655000
0.655000
0.655000
0.655000
0.655000
0.655000
0.655000
0.655000
0.655000
0.655000
0.655000
0.655000
0.655000
0.655000
0.655000
0.655000
0.655000
0.655000
0.655000
0.655000
0.655000
0.655000
0.655000
0.655000
0.655000
0.655000
0.655000
0.655000
0.655000
0.655000
0.655000
0.655000
0.655000
0.655000
0.655000
0.655000
