0.165000
0.155000
0.155000
0.155000
0.165000
0.190000
0.190000
0.285000
0.295000
0.300000
0.305000
0.305000
0.310000
0.310000
0.310000
0.310000
0.305000
0.310000
0.310000
0.310000
0.310000
0.310000
0.295000
0.315000
0.315000
0.315000
0.315000
0.315000
0.315000
0.330000
0.330000
0.335000
0.350000
0.330000
0.355000
0.335000
0.350000
0.410000
0.400000
0.460000
0.465000
0.455000
0.475000
0.480000
0.480000
0.480000
0.480000
0.475000
0.480000
0.470000
0.480000
0.480000
0.480000
0.480000
0.480000
0.480000
0.480000
0.480000
0.480000
0.480000
0.480000
0.480000
0.480000
0.480000
0.480000
0.480000
0.480000
0.480000
0.480000
0.480000
0.480000
0.480000
0.480000
0.480000
0.480000
0.480000
0.480000
0.480000
0.480000
0.480000
0.480000
0.480000
0.480000
0.480000
0.480000
0.480000
0.480000
0.480000
0.480000
0.480000
0.480000
0.480000
0.480000
0.480000
0.480000
0.480000
0.480000
0.480000
0.480000
0.480000
0.480000
0.480000
0.480000
0.480000
0.480000
0.480000
0.480000
0.480000
0.480000
0.480000
0.480000
0.480000
0.480000
0.480000
0.480000
0.480000
0.480000
0.480000
0.480000
0.480000
0.480000
0.480000
0.465000
0.330000
0.260000
0.300000
0.295000
0.295000
0.300000
0.300000
0.305000
0.310000
0.310000
0.330000
0.380000
0.405000
0.470000
0.460000
0.465000
0.480000
0.475000
0.475000
0.480000
0.475000
0.480000
0.480000
0.480000
0.480000
0.480000
0.480000
