0.130000
0.185000
0.255000
0.210000
0.205000
0.185000
0.190000
0.200000
0.210000
0.230000
0.265000
0.300000
0.275000
0.275000
0.300000
0.290000
0.295000
0.305000
0.300000
0.290000
0.300000
0.310000
0.315000
0.340000
0.335000
0.335000
0.340000
0.330000
0.345000
0.335000
0.340000
0.345000
0.330000
0.340000
0.345000
0.345000
0.345000
0.345000
0.345000
0.345000
0.340000
0.340000
0.345000
0.345000
0.345000
0.345000
0.345000
0.345000
0.345000
0.345000
0.345000
0.345000
0.345000
0.345000
0.350000
0.350000
0.350000
0.350000
0.350000
0.350000
0.350000
0.355000
0.375000
0.375000
0.395000
0.390000
0.425000
0.410000
0.415000
0.415000
0.450000
0.455000
0.430000
0.410000
0.450000
0.470000
0.480000
0.480000
0.490000
0.490000
0.495000
0.490000
0.495000
0.500000
0.500000
0.500000
0.500000
0.500000
0.500000
0.500000
0.495000
0.500000
0.500000
0.500000
0.500000
0.500000
0.495000
0.500000
0.505000
0.505000
0.510000
0.515000
0.495000
0.480000
0.505000
0.565000
0.550000
0.565000
0.570000
0.600000
0.645000
0.620000
0.645000
0.635000
0.630000
0.650000
0.650000
0.635000
0.640000
0.660000
0.660000
0.665000
0.660000
0.665000
0.665000
0.665000
0.665000
0.665000
0.665000
0.665000
0.665000
0.665000
0.665000
0.660000
0.665000
0.665000
0.665000
0.665000
0.665000
0.665000
0.665000
0.665000
0.665000
0.665000
0.665000
0.665000
0.665000
0.665000
0.665000
0.665000
