0.372379
0.235984
0.082936
0.062751
0.062712
0.062712
0.062595
0.062712
0.062712
0.062595
0.062517
0.059926
0.058783
0.057182
0.057930
0.056095
0.055001
0.053214
0.054266
0.055538
0.055496
0.055175
0.054345
0.053885
0.053753
0.053147
0.053548
0.053128
0.053374
0.052616
0.054038
0.052903
0.052396
0.049026
0.049946
0.052500
0.054046
0.054373
0.054066
0.054767
0.053194
0.053334
0.051386
0.050727
0.050632
0.051881
0.052005
0.049709
0.050607
0.050921
0.048541
0.049790
0.048072
0.044648
0.046424
0.045066
0.047722
0.043823
0.042927
0.041738
0.038856
0.038559
0.038954
0.037673
0.038537
0.040046
0.038608
0.033563
0.033711
0.035809
0.034675
0.034873
0.035018
0.035019
0.036317
0.033937
0.034334
0.034163
0.033619
0.034352
0.032992
0.035053
0.034651
0.033535
0.034505
0.033915
0.033875
0.032248
0.033791
0.032759
0.032680
0.031952
0.032470
0.032686
0.034139
0.032052
0.032443
0.031025
0.033210
0.034859
0.033321
0.030758
0.031711
0.031581
0.031470
0.033145
0.034020
0.033069
0.034777
0.030576
0.032222
0.033935
0.033021
0.032168
0.033015
0.032257
0.033004
0.033058
0.034661
0.031440
0.033841
0.031367
0.031331
0.032948
0.033018
0.032153
0.032109
0.032134
0.031283
0.032074
0.032121
0.032938
0.032954
0.032964
0.030420
0.032090
0.032063
0.033781
0.031242
0.034589
0.032096
0.032058
0.033732
0.032058
0.031203
0.032889
0.032035
0.031208
0.031233
0.032040
