0.426936
0.344456
0.113146
0.062318
0.062089
0.062166
0.062400
0.062206
0.062090
0.062892
0.059620
0.060963
0.060209
0.060433
0.058662
0.059338
0.059736
0.058689
0.058398
0.059014
0.058111
0.057913
0.058109
0.056840
0.056237
0.057129
0.054965
0.055237
0.055793
0.054988
0.055456
0.054873
0.054030
0.054826
0.054449
0.053783
0.055359
0.054987
0.054088
0.054750
0.054213
0.053805
0.053153
0.052380
0.052939
0.053444
0.054469
0.053444
0.053289
0.052553
0.053577
0.052752
0.053120
0.053095
0.053043
0.052840
0.053784
0.051279
0.052045
0.053684
0.053735
0.053585
0.052563
0.052476
0.050247
0.052748
0.052074
0.050900
0.051932
0.049873
0.048852
0.049528
0.051667
0.052227
0.049833
0.048003
0.048152
0.047799
0.046496
0.046911
0.046057
0.044269
0.045490
0.045304
0.044979
0.044292
0.046415
0.044917
0.043712
0.044391
0.042688
0.042475
0.041527
0.043954
0.044497
0.042447
0.044535
0.042072
0.044108
0.043469
0.043622
0.043768
0.044980
0.044482
0.045960
0.044377
0.044748
0.041903
0.040618
0.039758
0.036693
0.037721
0.036434
0.036466
0.038005
0.034611
0.034870
0.036391
0.037125
0.036744
0.034116
0.035776
0.034426
0.034673
0.034596
0.035605
0.032428
0.032808
0.033649
0.034844
0.033270
0.034274
0.034636
0.032430
0.033999
0.032125
0.032965
0.032244
0.032851
0.032271
0.031989
0.032729
0.032867
0.034459
0.032827
0.032824
0.034329
0.032081
0.033551
0.032737
