0.098569
0.061339
0.061811
0.056824
0.057378
0.054832
0.055223
0.054823
0.055066
0.054414
0.055416
0.054211
0.054459
0.055156
0.052729
0.054424
0.054008
0.053289
0.053733
0.052113
0.053881
0.053762
0.053416
0.053971
0.052219
0.051866
0.052635
0.053400
0.051216
0.053989
0.054558
0.053590
0.052092
0.050918
0.051789
0.052107
0.052382
0.050774
0.052238
0.052288
0.052191
0.052791
0.052461
0.052926
0.053041
0.050291
0.052993
0.052844
0.053595
0.053553
0.052915
0.051860
0.053009
0.052244
0.051727
0.050649
0.052780
0.050644
0.052200
0.050794
0.049726
0.048803
0.050582
0.049655
0.049004
0.048001
0.047795
0.047739
0.045814
0.048334
0.048106
0.045507
0.047137
0.045104
0.045290
0.048342
0.044721
0.046143
0.046971
0.047348
0.047538
0.046380
0.048177
0.047289
0.048334
0.049871
0.049075
0.048207
0.046378
0.048306
0.048910
0.046443
0.044601
0.046841
0.046588
0.046614
0.044675
0.046268
0.045085
0.043361
0.043279
0.042271
0.042068
0.042169
0.044469
0.043444
0.044398
0.042528
0.043382
0.042623
0.043397
0.042679
0.043202
0.043385
0.043183
0.043430
0.044050
0.043246
0.042410
0.040639
0.043188
0.043158
0.041480
0.043926
0.042365
0.041391
0.043886
0.043019
0.043114
0.042239
0.042230
0.041375
0.042986
0.043054
0.042269
0.043013
0.042272
0.041304
0.043064
0.041321
0.042182
0.043034
0.041330
0.043835
0.043798
0.042165
0.043791
0.043833
0.042947
0.042976
