0.307989
0.063324
0.062869
0.062751
0.062556
0.063797
0.062004
0.057582
0.055530
0.055447
0.055744
0.054876
0.055072
0.053546
0.054553
0.054293
0.054531
0.055450
0.055255
0.053903
0.052600
0.054577
0.055331
0.054127
0.054465
0.053894
0.054580
0.052505
0.053755
0.054006
0.052959
0.050500
0.052990
0.052016
0.053222
0.052866
0.052565
0.052288
0.049239
0.046753
0.044675
0.045105
0.044960
0.044906
0.045300
0.044200
0.044221
0.042295
0.043112
0.041316
0.043870
0.042891
0.041931
0.043325
0.042442
0.042458
0.043997
0.043358
0.042365
0.043200
0.043262
0.043880
0.043454
0.042192
0.041485
0.042483
0.042208
0.044107
0.042203
0.043320
0.042127
0.042194
0.042184
0.042137
0.042991
0.042978
0.043812
0.042133
0.042960
0.043780
0.042950
0.044598
0.040411
0.042116
0.041232
0.041248
0.042951
0.042110
0.042916
0.041280
0.041238
0.043744
0.042090
0.043765
0.042890
0.041241
0.042094
0.041214
0.043734
0.042061
0.042911
0.043743
0.044585
0.041224
0.042887
0.041218
0.041233
0.042056
0.041221
0.042048
0.042896
0.043737
0.041218
0.040376
0.044571
0.042883
0.044578
0.043730
0.042055
0.041953
0.041936
0.042665
0.054305
0.056163
0.059132
0.056015
0.055033
0.055476
0.054888
0.054847
0.054102
0.053088
0.054979
0.054689
0.050599
0.048138
0.046313
0.046170
0.044942
0.043991
0.043315
0.045046
0.043489
0.043939
0.041501
0.043005
0.043569
0.043646
0.044959
0.044435
