0.440146
0.300351
0.241137
0.181639
0.103802
0.059947
0.052543
0.046658
0.045683
0.043887
0.040859
0.036856
0.032018
0.029645
0.028873
0.027489
0.028262
0.026868
0.024685
0.025208
0.022776
0.019183
0.021388
0.022696
0.020140
0.018926
0.017619
0.016849
0.016231
0.018217
0.016196
0.014979
0.014678
0.013725
0.012667
0.013659
0.013580
0.013364
0.014445
0.013512
0.011254
0.012689
0.015679
0.013857
0.011260
0.013153
0.011550
0.010251
0.012001
0.011897
0.011048
0.010951
0.010052
0.010885
0.010838
0.010840
0.012394
0.010150
0.010782
0.010765
0.009873
0.009936
0.010703
0.010766
0.009789
0.011503
0.010623
0.011410
0.010569
0.010645
0.011414
0.011430
0.010579
0.010549
0.009687
0.009686
0.012228
0.010586
0.010511
0.011409
0.009680
0.012160
0.010477
0.010507
0.010483
0.010481
0.010506
0.010473
0.011311
0.010489
0.011296
0.012141
0.009618
0.011280
0.009633
0.010449
0.012121
0.011280
0.010460
0.011287
0.009604
0.011309
0.010466
0.010464
0.010448
0.010461
0.011268
0.012101
0.011268
0.010439
0.010425
0.011271
0.011267
0.010422
0.010423
0.010425
0.009586
0.009584
0.011254
0.010416
0.012106
0.012094
0.009576
0.011255
0.009569
0.010415
0.011252
0.009568
0.011255
0.010422
0.009570
0.009568
0.009579
0.012085
0.009562
0.010403
0.010405
0.010404
0.011253
0.012077
0.009561
0.010410
0.010400
0.010402
0.010406
0.011239
0.009558
0.010407
0.010399
0.012071
