0.344605
0.269741
0.244527
0.181985
0.137426
0.092618
0.059141
0.052372
0.052251
0.049756
0.051221
0.045691
0.042904
0.036131
0.034398
0.032372
0.034511
0.030569
0.028383
0.024379
0.018228
0.016620
0.015583
0.015202
0.015891
0.014378
0.012613
0.014913
0.011798
0.014776
0.015569
0.018596
0.015070
0.014505
0.011665
0.014320
0.014805
0.011451
0.010930
0.010401
0.011804
0.010046
0.009924
0.009709
0.010588
0.011435
0.011363
0.010477
0.010415
0.009694
0.009681
0.011262
0.010495
0.010500
0.012074
0.010366
0.011221
0.012897
0.009594
0.010438
0.009565
0.009489
0.009498
0.010340
0.011206
0.009513
0.010298
0.009462
0.009440
0.011132
0.011149
0.011123
0.011952
0.011963
0.009460
0.009422
0.010265
0.011946
0.009424
0.010258
0.010278
0.010251
0.010250
0.009433
0.009442
0.009389
0.010236
0.011048
0.009404
0.010269
0.011907
0.010236
0.009408
0.010216
0.010224
0.009407
0.010217
0.010201
0.010268
0.011064
0.011914
0.009409
0.012734
0.011889
0.011026
0.011936
0.011893
0.010208
0.011901
0.010180
0.009372
0.010194
0.010195
0.011937
0.011063
0.009379
0.011022
0.010205
0.011865
0.009346
0.011025
0.010193
0.011020
0.009339
0.011877
0.009342
0.012698
0.009337
0.009326
0.009330
0.009368
0.010162
0.011847
0.010174
0.011863
0.010172
0.011009
0.010162
0.011848
0.010164
0.010161
0.010155
0.009325
0.011827
0.010159
0.010161
0.011004
0.009327
0.011007
0.010160
