0.175000
0.175000
0.235000
0.350000
0.365000
0.475000
0.480000
0.455000
0.375000
0.375000
0.340000
0.475000
0.480000
0.535000
0.580000
0.625000
0.685000
0.680000
0.655000
0.685000
0.595000
0.635000
0.705000
0.670000
0.725000
0.770000
0.710000
0.750000
0.815000
0.770000
0.795000
0.785000
0.805000
0.825000
0.820000
0.810000
0.830000
0.825000
0.835000
0.830000
0.825000
0.835000
0.830000
0.830000
0.825000
0.830000
0.835000
0.835000
0.835000
0.830000
0.830000
0.835000
0.835000
0.835000
0.835000
0.825000
0.795000
0.755000
0.830000
0.810000
0.835000
0.835000
0.835000
0.835000
0.835000
0.835000
0.835000
0.835000
0.835000
0.835000
0.835000
0.835000
0.835000
0.835000
0.835000
0.835000
0.835000
0.835000
0.835000
0.835000
0.835000
0.835000
0.835000
0.835000
0.835000
0.835000
0.835000
0.835000
0.835000
0.835000
0.835000
0.835000
0.835000
0.835000
0.835000
0.835000
0.835000
0.835000
0.835000
0.835000
0.835000
0.835000
0.835000
0.835000
0.835000
0.835000
0.835000
0.835000
0.835000
0.835000
0.835000
0.835000
0.835000
0.835000
0.835000
0.835000
0.835000
0.835000
0.835000
0.835000
0.835000
0.835000
0.835000
0.835000
0.835000
0.835000
0.835000
0.835000
0.835000
0.835000
0.835000
0.835000
0.835000
0.835000
0.835000
0.835000
0.850000
0.895000
0.950000
0.995000
1.000000
1.000000
1.000000
1.000000
1.000000
1.000000
1.000000
1.000000
1.000000
1.000000
