0.531477
0.347066
0.310434
0.269900
0.229538
0.173769
0.109873
0.064861
0.052673
0.047801
0.048062
0.045344
0.040815
0.034441
0.031796
0.028901
0.027522
0.030862
0.030727
0.029568
0.030070
0.029973
0.026566
0.024937
0.023844
0.024410
0.025099
0.022146
0.021036
0.024922
0.022088
0.020232
0.019415
0.019290
0.017477
0.019840
0.018418
0.018693
0.022106
0.020648
0.017292
0.018087
0.021111
0.018619
0.015943
0.017992
0.016394
0.015333
0.016725
0.016683
0.015021
0.014915
0.013348
0.014423
0.013810
0.014548
0.014908
0.012748
0.015530
0.013885
0.014051
0.016408
0.015439
0.019246
0.016374
0.017423
0.015280
0.015115
0.013690
0.013346
0.013178
0.012813
0.012014
0.011651
0.010578
0.010968
0.012770
0.011315
0.011073
0.011799
0.010235
0.012493
0.010886
0.010990
0.011129
0.011050
0.011229
0.010816
0.011667
0.010897
0.011538
0.012529
0.009862
0.011674
0.009817
0.010701
0.012335
0.011521
0.010678
0.011454
0.009881
0.011426
0.010672
0.010643
0.010598
0.010590
0.011406
0.012252
0.011449
0.010569
0.010562
0.011407
0.011414
0.010522
0.010550
0.010540
0.009707
0.009714
0.011362
0.010562
0.012223
0.012208
0.009700
0.011357
0.009683
0.010509
0.011333
0.009687
0.011369
0.010527
0.009665
0.009663
0.009676
0.012187
0.009659
0.010500
0.010483
0.010492
0.011325
0.012152
0.009633
0.010471
0.010496
0.010468
0.010463
0.011299
0.009635
0.010493
0.010474
0.012136
