0.496128
0.312796
0.189059
0.153495
0.086253
0.061425
0.049041
0.044309
0.046552
0.048811
0.040216
0.032634
0.031313
0.022398
0.020677
0.020905
0.021468
0.018830
0.019767
0.015809
0.016605
0.015863
0.015629
0.016877
0.015350
0.013820
0.016059
0.016430
0.020023
0.017569
0.015868
0.018308
0.017480
0.012619
0.012736
0.012281
0.012416
0.012097
0.011483
0.012431
0.012139
0.012370
0.011424
0.011155
0.010969
0.012017
0.012521
0.010950
0.010983
0.012684
0.010813
0.010856
0.009992
0.010730
0.009811
0.009864
0.010972
0.010864
0.009808
0.010631
0.011426
0.010574
0.009720
0.009811
0.010507
0.010481
0.012179
0.009560
0.009606
0.010389
0.009575
0.011209
0.010424
0.010401
0.009546
0.010351
0.009537
0.011179
0.009512
0.010336
0.009505
0.012020
0.010300
0.011151
0.012865
0.010323
0.009526
0.010302
0.010292
0.011140
0.010301
0.011158
0.011959
0.011130
0.012801
0.011110
0.009425
0.010262
0.009396
0.012783
0.011916
0.010256
0.009404
0.010235
0.009433
0.011113
0.011076
0.009462
0.011940
0.010261
0.010239
0.010242
0.011054
0.010205
0.011775
0.010021
0.010059
0.011581
0.008061
0.007835
0.008148
0.016266
0.026868
0.020847
0.017727
0.011754
0.009940
0.008175
0.008075
0.006858
0.007369
0.006115
0.007263
0.007203
0.005658
0.006131
0.005617
0.006580
0.006121
0.007104
0.006586
0.005644
0.006091
0.006528
0.005592
0.007542
0.006590
0.005566
0.006045
0.006062
