0.321757
0.064889
0.060681
0.058390
0.057242
0.057508
0.057513
0.056470
0.055614
0.056080
0.056651
0.056613
0.055811
0.054973
0.056478
0.055200
0.055903
0.056442
0.056004
0.055397
0.053949
0.056207
0.055075
0.055001
0.055589
0.054881
0.055553
0.053970
0.054865
0.055897
0.054752
0.052940
0.055121
0.053922
0.055117
0.054885
0.054816
0.055028
0.054493
0.054900
0.052418
0.053519
0.054684
0.053200
0.053739
0.053729
0.053715
0.052940
0.053496
0.051182
0.053818
0.053547
0.053000
0.053529
0.052571
0.051844
0.053507
0.053347
0.053323
0.053175
0.052487
0.053214
0.052416
0.053152
0.052359
0.053183
0.052994
0.053273
0.051577
0.053942
0.051942
0.052975
0.051245
0.052508
0.052011
0.051651
0.052363
0.051753
0.054700
0.057236
0.062595
0.062712
0.062712
0.062712
0.062712
0.062712
0.062712
0.062712
0.062712
0.062712
0.062712
0.062712
0.062712
0.062712
0.062712
0.062712
0.062712
0.062712
0.062712
0.062712
0.062712
0.062712
0.062712
0.062712
0.062712
0.062712
0.062712
0.062712
0.062712
0.062712
0.062712
0.062712
0.062712
0.062712
0.062712
0.062712
0.062712
0.062712
0.062712
0.062712
0.062712
0.062712
0.062712
0.062712
0.062712
0.062712
0.062712
0.062712
0.062712
0.062712
0.062712
0.062712
0.062712
0.062712
0.062712
0.062712
0.062712
0.062712
0.062712
0.062712
0.062712
0.062712
0.062712
0.062712
0.062712
0.062712
0.062712
0.062712
0.062712
0.062712
