0.077555
0.073628
0.073311
0.071142
0.070594
0.070823
0.069915
0.069665
0.068323
0.068214
0.069339
0.070054
0.069419
0.067131
0.067530
0.067688
0.067292
0.062224
0.063333
0.065569
0.065732
0.061274
0.058889
0.064974
0.059590
0.062461
0.058424
0.055977
0.057315
0.057999
0.056087
0.058669
0.061809
0.056248
0.056131
0.061647
0.053524
0.052999
0.056682
0.052894
0.055101
0.054363
0.053108
0.048376
0.056423
0.052188
0.051105
0.050293
0.054243
0.056264
0.046073
0.041057
0.047654
0.045616
0.043714
0.049949
0.046171
0.045373
0.041741
0.047855
0.043733
0.043601
0.042747
0.039604
0.045714
0.043472
0.045186
0.040832
0.039822
0.047691
0.038605
0.039626
0.033021
0.036820
0.041954
0.036640
0.037072
0.036869
0.037404
0.029610
0.031221
0.028188
0.028135
0.038719
0.059434
0.033843
0.040247
0.036405
0.029776
0.042582
0.033203
0.034667
0.033391
0.030036
0.029575
0.027488
0.023007
0.025948
0.033651
0.024079
0.020787
0.017407
0.016100
0.016275
0.016085
0.014052
0.020721
0.008130
0.010726
0.020436
0.015619
0.025322
0.032148
0.018817
0.030231
0.014162
0.018151
0.017414
0.013486
0.024387
0.022041
0.028572
0.042761
0.079304
0.058241
0.029596
0.051057
0.046546
0.039420
0.020867
0.027477
0.021780
0.018926
0.015787
0.014955
0.023283
0.014759
0.015290
0.014771
0.016961
0.016992
0.012530
0.017160
0.013378
0.014097
0.011580
0.018485
0.008861
0.018439
0.009417
