0.076895
0.073244
0.071950
0.071670
0.071670
0.069351
0.071146
0.072844
0.068221
0.066879
0.067765
0.064509
0.063656
0.066769
0.065154
0.062750
0.062397
0.063034
0.062024
0.059105
0.060907
0.059678
0.058382
0.057083
0.058255
0.052123
0.058535
0.059714
0.052816
0.053608
0.050556
0.050647
0.048542
0.057818
0.049323
0.053087
0.047263
0.047447
0.043521
0.046857
0.047636
0.050642
0.047408
0.044598
0.044968
0.041351
0.046563
0.041900
0.039775
0.046999
0.038926
0.033584
0.036403
0.041018
0.039357
0.035582
0.037816
0.030755
0.031843
0.029378
0.034739
0.033962
0.027399
0.028869
0.032050
0.023128
0.030621
0.032511
0.032722
0.037672
0.023822
0.034216
0.032172
0.030592
0.026061
0.034196
0.031656
0.038784
0.024070
0.042352
0.036482
0.030337
0.025003
0.022029
0.028649
0.028483
0.025837
0.026623
0.016799
0.021927
0.016988
0.020846
0.021581
0.018053
0.025023
0.019260
0.020905
0.020861
0.020575
0.017973
0.012223
0.024337
0.012391
0.016025
0.016502
0.010849
0.010726
0.013427
0.014477
0.027097
0.012004
0.027084
0.013642
0.019552
0.027975
0.017950
0.017473
0.011625
0.010726
0.010218
0.020387
0.014408
0.014039
0.012571
0.005631
0.018579
0.007968
0.009980
0.009427
0.008651
0.015510
0.030662
0.022397
0.026172
0.024309
0.017852
0.023185
0.014589
0.010439
0.019560
0.011908
0.010267
0.023508
0.018174
0.018550
0.017015
0.013986
0.010188
0.015353
0.019858
