0.080322
0.077318
0.073071
0.071113
0.071500
0.071025
0.068731
0.069338
0.069635
0.066970
0.064017
0.065286
0.065792
0.063880
0.063890
0.071209
0.065023
0.066010
0.061266
0.066198
0.063626
0.062367
0.064591
0.064040
0.064476
0.061047
0.060142
0.059593
0.062150
0.058528
0.059500
0.061215
0.060897
0.062323
0.059212
0.058017
0.060149
0.059303
0.057096
0.057681
0.055972
0.056549
0.058200
0.055031
0.045852
0.053718
0.046713
0.045705
0.045832
0.043643
0.043033
0.043607
0.041944
0.044704
0.042811
0.043781
0.038397
0.036291
0.039210
0.037916
0.042441
0.032055
0.036103
0.030437
0.035047
0.032720
0.027615
0.031564
0.033563
0.034672
0.028814
0.030388
0.030279
0.028844
0.028082
0.046382
0.029573
0.036804
0.030224
0.039355
0.035143
0.032155
0.035299
0.031067
0.031902
0.017611
0.023242
0.025849
0.018129
0.024506
0.017364
0.027113
0.018787
0.017269
0.020253
0.018226
0.016507
0.015843
0.014088
0.017755
0.023280
0.016867
0.017445
0.016069
0.013495
0.028756
0.014733
0.017945
0.011049
0.014797
0.015518
0.017964
0.017431
0.015646
0.021961
0.010546
0.019044
0.010918
0.011604
0.011626
0.011203
0.022302
0.017826
0.016327
0.011906
0.012351
0.011404
0.013426
0.009399
0.014157
0.014475
0.008750
0.012315
0.008631
0.006914
0.017260
0.007979
0.010087
0.009457
0.009730
0.010937
0.006090
0.013972
0.010983
0.013663
0.007742
0.016970
0.015836
0.010108
0.009789
