0.083709
0.072654
0.067826
0.071495
0.065952
0.064646
0.062642
0.064752
0.061217
0.061020
0.058216
0.059704
0.060150
0.057978
0.059666
0.054924
0.062182
0.056821
0.056447
0.051625
0.054013
0.057065
0.053033
0.055894
0.051646
0.054112
0.046590
0.048363
0.049678
0.049082
0.049858
0.051390
0.047401
0.045500
0.044415
0.045076
0.043297
0.043223
0.040290
0.042330
0.045103
0.045016
0.044188
0.040907
0.040296
0.046512
0.040336
0.042325
0.039078
0.034680
0.035701
0.032353
0.037340
0.033904
0.031835
0.036966
0.029458
0.040738
0.033879
0.035271
0.032113
0.032010
0.033854
0.029692
0.029369
0.030427
0.030770
0.036938
0.029231
0.030313
0.028308
0.024513
0.029692
0.028347
0.023098
0.025376
0.024736
0.031634
0.035441
0.030017
0.023808
0.028113
0.026227
0.022614
0.028758
0.025517
0.026848
0.025573
0.023319
0.024412
0.022530
0.019722
0.022110
0.018669
0.019529
0.018749
0.014076
0.021690
0.020371
0.021365
0.013792
0.017018
0.024066
0.011830
0.015537
0.015983
0.016202
0.019626
0.031189
0.015897
0.018697
0.016293
0.017903
0.018470
0.012116
0.011170
0.016002
0.012685
0.013326
0.019219
0.015090
0.013197
0.010547
0.023896
0.008972
0.024628
0.022059
0.009467
0.014103
0.015778
0.013280
0.020701
0.013810
0.020767
0.014556
0.021770
0.020842
0.019392
0.031623
0.038743
0.017676
0.015500
0.019659
0.025699
0.024421
0.026360
0.016221
0.017314
0.020865
0.021847
