0.074836
0.070526
0.070996
0.069374
0.070756
0.069812
0.067249
0.068312
0.067051
0.063865
0.066080
0.064312
0.064118
0.066742
0.061670
0.064747
0.061980
0.061960
0.060420
0.063049
0.060649
0.062367
0.062150
0.060475
0.059190
0.063153
0.058607
0.064518
0.061928
0.056418
0.057808
0.057479
0.055307
0.054449
0.057033
0.050502
0.051758
0.051773
0.048358
0.045812
0.046665
0.047292
0.048274
0.042971
0.046892
0.041381
0.056872
0.045824
0.037904
0.048699
0.038584
0.042248
0.040615
0.040628
0.037929
0.032924
0.036391
0.038035
0.034059
0.032580
0.033319
0.031288
0.030179
0.027113
0.031222
0.025771
0.033890
0.027338
0.033090
0.027131
0.026971
0.029083
0.028178
0.027766
0.025194
0.034891
0.024005
0.035608
0.025097
0.027165
0.028907
0.024487
0.034772
0.022334
0.031584
0.027667
0.027124
0.025509
0.022656
0.029955
0.022574
0.023308
0.020095
0.019348
0.020065
0.018120
0.019802
0.020779
0.024883
0.020038
0.025188
0.026912
0.038583
0.036268
0.018839
0.027443
0.023889
0.028772
0.025919
0.021658
0.022558
0.019347
0.017170
0.020895
0.019554
0.020644
0.014958
0.015730
0.013139
0.011509
0.016318
0.013455
0.010637
0.012562
0.012929
0.012209
0.009085
0.011430
0.020914
0.025289
0.023960
0.015930
0.030601
0.024369
0.020374
0.019871
0.014321
0.010089
0.018594
0.013393
0.014937
0.009399
0.015339
0.015371
0.019810
0.011753
0.012781
0.015614
0.018247
0.014999
