0.082559
0.072526
0.067683
0.066704
0.065899
0.065294
0.067618
0.068736
0.067339
0.066499
0.063302
0.056022
0.058324
0.058469
0.055411
0.052456
0.053814
0.049433
0.053462
0.049979
0.047365
0.049414
0.046446
0.048125
0.047862
0.048835
0.044926
0.045596
0.054409
0.045782
0.042383
0.044697
0.043985
0.044298
0.045467
0.045507
0.052832
0.040427
0.040903
0.042832
0.038822
0.041522
0.036785
0.037531
0.041804
0.034625
0.038000
0.034042
0.036675
0.025430
0.031612
0.028828
0.026706
0.027402
0.026744
0.025286
0.025703
0.028831
0.030633
0.026963
0.027710
0.023266
0.026693
0.024069
0.035918
0.022795
0.026027
0.028211
0.032498
0.022223
0.024504
0.025598
0.022651
0.020907
0.020468
0.021994
0.022584
0.020587
0.019666
0.015450
0.013954
0.016536
0.019146
0.017208
0.021420
0.012182
0.021839
0.016478
0.010943
0.015187
0.016382
0.012780
0.014629
0.013281
0.025954
0.026979
0.022700
0.024682
0.033897
0.032621
0.045191
0.043320
0.028315
0.045577
0.031430
0.029979
0.023255
0.030651
0.040103
0.033552
0.018546
0.032874
0.027905
0.021569
0.020094
0.024397
0.021351
0.021528
0.018354
0.014392
0.015593
0.013895
0.016217
0.019394
0.010072
0.015046
0.010941
0.009772
0.013395
0.013932
0.011502
0.011189
0.012041
0.015182
0.013214
0.017137
0.013063
0.031708
0.020440
0.011140
0.023142
0.015123
0.012665
0.022790
0.022616
0.020894
0.038086
0.014838
0.021718
0.028818
