0.120000
0.175000
0.150000
0.175000
0.260000
0.240000
0.320000
0.270000
0.290000
0.335000
0.320000
0.310000
0.320000
0.350000
0.365000
0.315000
0.295000
0.335000
0.405000
0.395000
0.400000
0.450000
0.415000
0.445000
0.420000
0.375000
0.395000
0.435000
0.460000
0.385000
0.320000
0.300000
0.310000
0.300000
0.325000
0.315000
0.320000
0.345000
0.380000
0.335000
0.350000
0.385000
0.390000
0.365000
0.495000
0.470000
0.400000
0.475000
0.510000
0.550000
0.525000
0.475000
0.520000
0.540000
0.545000
0.565000
0.470000
0.545000
0.580000
0.590000
0.600000
0.615000
0.555000
0.570000
0.585000
0.660000
0.660000
0.640000
0.645000
0.575000
0.645000
0.635000
0.690000
0.725000
0.740000
0.750000
0.645000
0.785000
0.770000
0.790000
0.745000
0.765000
0.685000
0.745000
0.775000
0.775000
0.785000
0.800000
0.845000
0.820000
0.730000
0.760000
0.845000
0.840000
0.835000
0.845000
0.860000
0.875000
0.870000
0.830000
0.845000
0.875000
0.880000
0.845000
0.870000
0.850000
0.865000
0.865000
0.890000
0.925000
0.845000
0.925000
0.875000
0.905000
0.870000
0.810000
0.825000
0.895000
0.900000
0.870000
0.870000
0.850000
0.855000
0.865000
0.870000
0.870000
0.885000
0.920000
0.955000
0.925000
0.930000
0.935000
0.935000
0.930000
0.955000
0.945000
0.910000
0.910000
0.915000
0.915000
0.910000
0.940000
0.915000
0.950000
0.915000
0.930000
0.960000
0.930000
0.975000
0.950000
