0.160000
0.165000
0.150000
0.190000
0.215000
0.195000
0.215000
0.285000
0.300000
0.295000
0.290000
0.355000
0.325000
0.320000
0.365000
0.360000
0.340000
0.345000
0.395000
0.380000
0.430000
0.380000
0.405000
0.405000
0.395000
0.400000
0.425000
0.425000
0.440000
0.430000
0.440000
0.485000
0.445000
0.495000
0.490000
0.475000
0.535000
0.575000
0.570000
0.585000
0.585000
0.495000
0.390000
0.375000
0.350000
0.370000
0.430000
0.455000
0.490000
0.545000
0.550000
0.575000
0.540000
0.555000
0.595000
0.645000
0.630000
0.675000
0.670000
0.700000
0.700000
0.745000
0.740000
0.745000
0.735000
0.725000
0.800000
0.775000
0.810000
0.765000
0.790000
0.765000
0.755000
0.780000
0.805000
0.800000
0.825000
0.870000
0.800000
0.865000
0.790000
0.815000
0.800000
0.795000
0.815000
0.815000
0.845000
0.895000
0.900000
0.895000
0.890000
0.915000
0.900000
0.850000
0.905000
0.945000
0.910000
0.880000
0.905000
0.825000
0.910000
0.880000
0.935000
0.935000
0.880000
0.895000
0.930000
0.900000
0.865000
0.840000
0.805000
0.885000
0.930000
0.935000
0.930000
0.940000
0.965000
0.930000
0.930000
0.910000
0.880000
0.900000
0.900000
0.910000
0.945000
0.970000
0.965000
0.965000
0.990000
0.990000
0.995000
0.995000
0.990000
0.995000
0.990000
0.990000
0.985000
0.990000
0.975000
0.955000
0.970000
0.950000
0.940000
0.940000
0.945000
0.960000
0.920000
0.905000
0.865000
0.845000
