0.070386
0.063006
0.061906
0.062147
0.060682
0.059033
0.057647
0.058486
0.059782
0.056172
0.057193
0.056666
0.058472
0.056701
0.055758
0.054598
0.056395
0.054361
0.056924
0.055594
0.054448
0.054734
0.053482
0.051837
0.055235
0.052693
0.050217
0.051139
0.047587
0.049337
0.052075
0.047820
0.052810
0.050946
0.046084
0.048989
0.046820
0.043656
0.044153
0.049125
0.046123
0.042252
0.037023
0.039963
0.035167
0.032655
0.041553
0.031285
0.037690
0.032458
0.035553
0.027743
0.033031
0.032521
0.032237
0.035392
0.029893
0.026321
0.028417
0.028178
0.021095
0.021714
0.026851
0.020835
0.022835
0.018583
0.017060
0.017241
0.014882
0.016077
0.012946
0.016152
0.018849
0.014508
0.012159
0.014344
0.015979
0.016902
0.027985
0.018977
0.015504
0.017812
0.019290
0.016031
0.023568
0.023553
0.017040
0.014662
0.018028
0.012362
0.008948
0.008038
0.007244
0.006776
0.006396
0.004383
0.003795
0.006110
0.004391
0.004814
0.006840
0.011749
0.006865
0.005351
0.007776
0.009324
0.010614
0.014459
0.009169
0.015722
0.013497
0.010364
0.005482
0.006123
0.008225
0.006800
0.005012
0.004340
0.005867
0.005088
0.003753
0.003174
0.001444
0.004311
0.004563
0.003937
0.006493
0.004251
0.002693
0.002489
0.001053
0.001964
0.000848
0.000763
0.001432
0.004082
0.004614
0.002125
0.003159
0.003106
0.004732
0.004454
0.003778
0.006166
0.004418
0.008346
0.005460
0.005597
0.003920
0.005118
