0.103994
0.064349
0.063583
0.062898
0.064364
0.061620
0.061670
0.058776
0.057771
0.057517
0.057238
0.054427
0.057676
0.057752
0.054256
0.053624
0.053924
0.055373
0.050680
0.052954
0.050897
0.053251
0.051739
0.052460
0.052338
0.052599
0.049816
0.049761
0.049280
0.049203
0.047484
0.048085
0.049032
0.048836
0.046866
0.044524
0.037676
0.039133
0.039350
0.043192
0.042940
0.053120
0.051230
0.062847
0.055161
0.052797
0.049447
0.045184
0.041998
0.040084
0.040739
0.040056
0.040217
0.039095
0.037589
0.034556
0.032862
0.028024
0.033230
0.027158
0.028679
0.022994
0.024129
0.027019
0.024890
0.025273
0.019374
0.021289
0.019936
0.021112
0.018672
0.027491
0.022531
0.021311
0.019069
0.021492
0.016039
0.014773
0.028721
0.018201
0.023411
0.016410
0.017563
0.022619
0.018033
0.014913
0.014900
0.011994
0.009893
0.009302
0.012561
0.011186
0.009452
0.013911
0.010081
0.006500
0.009187
0.013263
0.012924
0.019289
0.009431
0.010786
0.008971
0.010554
0.012500
0.009034
0.009443
0.012711
0.016720
0.022783
0.023199
0.011216
0.007382
0.006924
0.007551
0.005586
0.004019
0.010680
0.006863
0.007431
0.014979
0.014247
0.009455
0.007756
0.004866
0.002877
0.002235
0.003420
0.002501
0.001238
0.001487
0.001022
0.001296
0.001084
0.001809
0.001130
0.001366
0.001264
0.002463
0.005975
0.003884
0.006669
0.006625
0.006505
0.004193
0.009527
0.010200
0.014891
0.014793
0.024638
