0.109889
0.063327
0.061847
0.061726
0.060784
0.058896
0.059674
0.059043
0.056675
0.056772
0.057528
0.056256
0.056505
0.058217
0.055311
0.053638
0.055464
0.054522
0.056279
0.053029
0.053740
0.049511
0.052319
0.052734
0.047271
0.047623
0.045360
0.044539
0.050499
0.039679
0.043578
0.049064
0.052963
0.040779
0.035984
0.035621
0.033190
0.030863
0.030194
0.026200
0.021939
0.022214
0.020528
0.019660
0.020540
0.032320
0.029338
0.021803
0.028099
0.030804
0.020204
0.021510
0.027717
0.022536
0.032161
0.023743
0.017561
0.015998
0.014806
0.014393
0.011449
0.010974
0.013416
0.014401
0.010773
0.011185
0.017450
0.010812
0.012521
0.012285
0.010925
0.011808
0.010571
0.010407
0.013979
0.010834
0.007937
0.009075
0.010715
0.021147
0.013903
0.013722
0.009855
0.008988
0.007619
0.006269
0.007334
0.008540
0.011281
0.008428
0.012841
0.012458
0.013529
0.010319
0.008119
0.010404
0.009468
0.005153
0.006703
0.004211
0.002932
0.002169
0.002222
0.001781
0.001902
0.002876
0.003441
0.002223
0.003417
0.003000
0.007555
0.003788
0.002814
0.004606
0.003685
0.001941
0.002519
0.005153
0.002878
0.002042
0.003336
0.002035
0.001007
0.002716
0.000661
0.001383
0.001062
0.002571
0.001586
0.002497
0.002440
0.001660
0.002620
0.001160
0.001166
0.001447
0.001082
0.001147
0.001292
0.002196
0.004834
0.013047
0.007282
0.007023
0.008494
0.006288
0.013544
0.007014
0.007374
0.007598
