0.099080
0.062667
0.062556
0.062208
0.060458
0.060661
0.059229
0.058518
0.057851
0.060866
0.061487
0.057038
0.058650
0.057685
0.056513
0.057547
0.058440
0.057300
0.059446
0.057885
0.057511
0.056300
0.056347
0.057104
0.056743
0.055999
0.057998
0.056145
0.056328
0.054310
0.051713
0.052013
0.055759
0.056312
0.055288
0.052387
0.054977
0.057728
0.055809
0.052244
0.051929
0.049740
0.049722
0.048781
0.049919
0.049873
0.049795
0.052859
0.052997
0.048728
0.041534
0.042779
0.053891
0.038475
0.038207
0.035383
0.032234
0.035571
0.029472
0.032472
0.034524
0.036528
0.050837
0.033749
0.035000
0.034265
0.026822
0.024587
0.025720
0.025181
0.023552
0.026373
0.024043
0.027271
0.025968
0.026325
0.025605
0.027725
0.021293
0.023442
0.018708
0.016313
0.017129
0.020161
0.021495
0.012935
0.014322
0.014281
0.014313
0.010856
0.010435
0.013830
0.011944
0.013601
0.015822
0.016921
0.012005
0.011660
0.014991
0.010823
0.009644
0.007363
0.008214
0.009351
0.007582
0.009649
0.007497
0.008222
0.008155
0.009348
0.005877
0.005265
0.004311
0.003332
0.003657
0.003553
0.007827
0.011040
0.010638
0.017634
0.012163
0.022473
0.016213
0.008001
0.005411
0.005576
0.003393
0.005109
0.005184
0.002878
0.004939
0.004738
0.002317
0.006826
0.009911
0.012760
0.008938
0.006433
0.002726
0.002733
0.001821
0.003044
0.001791
0.002193
0.002373
0.002125
0.003594
0.003913
0.002763
0.006108
