0.127415
0.064227
0.063503
0.063488
0.061822
0.059320
0.057977
0.058555
0.057633
0.058606
0.056973
0.057007
0.057935
0.056154
0.055491
0.055584
0.056552
0.054255
0.054212
0.053458
0.052978
0.051827
0.052019
0.051256
0.054885
0.052063
0.053015
0.054469
0.050693
0.055538
0.056074
0.056977
0.054872
0.054223
0.055596
0.055686
0.053701
0.052314
0.054095
0.054509
0.053909
0.052215
0.052056
0.048701
0.047422
0.049478
0.046336
0.047133
0.042558
0.040573
0.043215
0.040940
0.040366
0.040484
0.039628
0.038747
0.043602
0.042642
0.037795
0.034188
0.039202
0.036822
0.038047
0.040462
0.035676
0.029147
0.030388
0.032559
0.036232
0.035076
0.030136
0.030025
0.026399
0.025529
0.024646
0.023411
0.031849
0.021911
0.022248
0.022487
0.020854
0.024534
0.025513
0.022574
0.023148
0.021276
0.020206
0.018888
0.017467
0.020427
0.025743
0.025271
0.014485
0.016161
0.013477
0.017000
0.014195
0.012080
0.014827
0.020096
0.014042
0.013996
0.011211
0.014555
0.016096
0.012299
0.015834
0.013146
0.012107
0.008400
0.012323
0.010396
0.010038
0.012185
0.011346
0.022479
0.018508
0.011301
0.010702
0.012914
0.013781
0.018639
0.016002
0.012921
0.011510
0.011599
0.011903
0.007144
0.005866
0.006650
0.007279
0.005602
0.005885
0.005784
0.004708
0.005115
0.008810
0.007277
0.007275
0.010345
0.006080
0.008444
0.006299
0.003071
0.011141
0.006321
0.005221
0.005414
0.004880
0.004783
