0.113613
0.068598
0.064152
0.060835
0.059322
0.057456
0.059640
0.059828
0.059017
0.059807
0.059548
0.054814
0.052166
0.048316
0.045848
0.045463
0.046854
0.043307
0.043133
0.035843
0.044766
0.035527
0.031080
0.030256
0.034372
0.029974
0.031362
0.031102
0.031097
0.028252
0.024332
0.025067
0.021847
0.024525
0.021734
0.019834
0.025441
0.020126
0.018885
0.019649
0.018156
0.016534
0.017882
0.024040
0.016967
0.021593
0.019944
0.021783
0.021479
0.020012
0.018992
0.016354
0.012982
0.012937
0.013399
0.013368
0.010825
0.016290
0.011097
0.010767
0.012262
0.013418
0.011314
0.013986
0.009962
0.015020
0.017382
0.011292
0.010978
0.009845
0.010952
0.013441
0.007236
0.013681
0.014071
0.014009
0.012263
0.009136
0.008682
0.006172
0.006599
0.005629
0.009681
0.009658
0.006946
0.006546
0.008377
0.009306
0.006519
0.010137
0.019387
0.019912
0.008417
0.006044
0.004562
0.004547
0.004137
0.007083
0.004635
0.006678
0.009269
0.006530
0.005751
0.013953
0.017483
0.017740
0.016267
0.008948
0.007813
0.006019
0.005238
0.007357
0.009680
0.008230
0.012307
0.010704
0.007746
0.005307
0.005619
0.009691
0.006924
0.008181
0.008243
0.008575
0.013010
0.014591
0.013030
0.006681
0.006065
0.005469
0.002448
0.003756
0.001615
0.001279
0.003757
0.002508
0.002245
0.001810
0.000730
0.001237
0.000363
0.001830
0.001116
0.000420
0.000668
0.000539
0.000406
0.000552
0.000348
0.000800
