0.082884
0.072281
0.071675
0.070839
0.069766
0.071670
0.071670
0.071670
0.071670
0.071399
0.073006
0.069904
0.068403
0.069228
0.065245
0.066177
0.068500
0.064040
0.066949
0.065597
0.063686
0.065270
0.062280
0.061125
0.064979
0.062458
0.062144
0.061999
0.060427
0.059406
0.059258
0.055968
0.060448
0.060470
0.061858
0.059318
0.061939
0.057585
0.061653
0.057514
0.055281
0.057625
0.059650
0.056653
0.054339
0.055932
0.054376
0.051753
0.059118
0.051428
0.056521
0.055176
0.052247
0.062088
0.051617
0.054748
0.053946
0.055876
0.051739
0.056283
0.056967
0.047055
0.046847
0.045832
0.049957
0.049513
0.045281
0.047902
0.043075
0.046645
0.048117
0.045325
0.045352
0.044226
0.044475
0.045677
0.044223
0.041312
0.044711
0.046021
0.045611
0.048362
0.054093
0.054548
0.048115
0.045353
0.037392
0.042458
0.039967
0.030794
0.040921
0.031874
0.037798
0.037745
0.036934
0.043497
0.033832
0.052211
0.042873
0.056597
0.044605
0.051508
0.050241
0.047096
0.050549
0.041141
0.042756
0.045355
0.036399
0.036374
0.034980
0.030353
0.028210
0.025768
0.021596
0.025783
0.025102
0.023211
0.020482
0.017445
0.020601
0.015304
0.016924
0.017418
0.017582
0.013623
0.012479
0.016081
0.012714
0.013305
0.020939
0.013231
0.013554
0.011201
0.014865
0.013520
0.013138
0.020726
0.012831
0.007845
0.012134
0.010087
0.010278
0.011844
0.011852
0.013528
0.016613
0.013777
0.014171
0.015091
