0.083794
0.071564
0.070288
0.069734
0.072108
0.072373
0.071203
0.071828
0.070433
0.068354
0.069631
0.067994
0.066299
0.068507
0.065008
0.064723
0.065702
0.067027
0.065773
0.065751
0.062547
0.070398
0.063271
0.063144
0.065253
0.061404
0.058999
0.060942
0.061912
0.063467
0.064205
0.059073
0.057343
0.058841
0.057252
0.058534
0.055391
0.059035
0.054222
0.056747
0.053587
0.048104
0.051032
0.052199
0.048445
0.051189
0.048287
0.047173
0.044308
0.047451
0.046929
0.044897
0.043191
0.046233
0.040760
0.050370
0.043829
0.054559
0.045442
0.041537
0.047271
0.040848
0.040289
0.044538
0.039956
0.040744
0.038976
0.036220
0.036342
0.041929
0.036390
0.035685
0.037499
0.037249
0.036303
0.037830
0.037140
0.039036
0.034057
0.034377
0.036496
0.034951
0.038051
0.034230
0.039544
0.038110
0.033198
0.030750
0.039926
0.035349
0.048450
0.033185
0.042387
0.035488
0.040919
0.035161
0.032076
0.032543
0.036290
0.026323
0.031924
0.028752
0.030778
0.029717
0.028422
0.024922
0.029688
0.024534
0.018167
0.018100
0.020218
0.014029
0.021909
0.015016
0.012435
0.016832
0.012185
0.015143
0.015686
0.012025
0.012138
0.009528
0.012854
0.010028
0.014510
0.013142
0.011005
0.010849
0.007836
0.009417
0.010968
0.010299
0.007922
0.004636
0.006678
0.004726
0.005196
0.004876
0.003704
0.003590
0.005008
0.002792
0.003571
0.006506
0.004711
0.003762
0.006572
0.003809
0.004693
0.004713
