0.118722
0.085251
0.074540
0.071670
0.071670
0.071670
0.071670
0.070839
0.071591
0.072044
0.071670
0.071203
0.071203
0.072039
0.070488
0.071203
0.070839
0.072042
0.070676
0.071363
0.069434
0.069806
0.070110
0.067623
0.066536
0.065691
0.062947
0.070835
0.069740
0.069200
0.064529
0.066587
0.065751
0.066032
0.066477
0.064939
0.062663
0.059907
0.065069
0.061347
0.062107
0.059942
0.059974
0.058600
0.061529
0.062837
0.061280
0.059806
0.058660
0.057986
0.058310
0.058706
0.057274
0.057092
0.053148
0.054513
0.054698
0.054234
0.054547
0.053123
0.054974
0.051735
0.053475
0.055098
0.058128
0.053219
0.050395
0.052613
0.050505
0.057554
0.053396
0.051740
0.052812
0.050503
0.050552
0.049988
0.051949
0.053980
0.052212
0.049194
0.045161
0.049834
0.045461
0.045880
0.045634
0.038460
0.037974
0.029976
0.029503
0.030708
0.028656
0.025893
0.024536
0.025896
0.019512
0.022432
0.017800
0.020597
0.017317
0.016468
0.016046
0.013689
0.015833
0.016547
0.017084
0.017059
0.016655
0.017131
0.013483
0.019944
0.016350
0.013027
0.014605
0.015458
0.014000
0.011719
0.014384
0.009059
0.014622
0.010236
0.020648
0.050693
0.018264
0.019053
0.021879
0.009791
0.026562
0.013710
0.027794
0.012205
0.010696
0.013373
0.009078
0.006554
0.005134
0.003603
0.004131
0.002676
0.003277
0.003199
0.001582
0.001368
0.002024
0.001628
0.002260
0.001315
0.001524
0.005340
0.001639
0.001099
