0.070498
0.071670
0.071670
0.072230
0.071842
0.071556
0.070910
0.073949
0.071307
0.075000
0.073185
0.072040
0.070633
0.072895
0.071767
0.067196
0.069849
0.070216
0.067824
0.064966
0.065064
0.063074
0.065028
0.064210
0.063428
0.061848
0.060055
0.058671
0.056027
0.058440
0.060972
0.060608
0.056110
0.061622
0.057323
0.054503
0.055102
0.055562
0.054834
0.055077
0.053615
0.053513
0.050868
0.050606
0.050271
0.045339
0.047780
0.048348
0.041436
0.041871
0.043588
0.041734
0.042616
0.037461
0.035938
0.042842
0.033169
0.041550
0.035947
0.032371
0.029453
0.030474
0.030964
0.031500
0.033643
0.032216
0.036880
0.033496
0.027841
0.033319
0.034575
0.028663
0.033584
0.031191
0.027355
0.022801
0.028195
0.025909
0.022517
0.023029
0.022795
0.022663
0.025892
0.021814
0.022580
0.026254
0.023227
0.021225
0.019852
0.019385
0.020477
0.018860
0.018196
0.018125
0.017568
0.018699
0.016304
0.016999
0.015880
0.029010
0.019437
0.018055
0.017881
0.021225
0.016646
0.022592
0.017464
0.015259
0.017338
0.022379
0.015447
0.018428
0.018956
0.016858
0.015535
0.015821
0.016464
0.017184
0.015004
0.019642
0.013028
0.024953
0.016977
0.019654
0.019869
0.017310
0.016603
0.017211
0.016645
0.015306
0.017326
0.017083
0.012029
0.013797
0.013793
0.010048
0.006286
0.005739
0.006551
0.005368
0.004963
0.012255
0.008455
0.030586
0.018413
0.006022
0.013635
0.008273
0.010047
0.011788
