0.075034
0.071670
0.071670
0.070559
0.071477
0.069802
0.071792
0.067322
0.068091
0.066881
0.064967
0.065191
0.062514
0.064652
0.063581
0.064638
0.064692
0.063386
0.062037
0.062721
0.062589
0.061163
0.060686
0.059896
0.060389
0.060772
0.057697
0.061886
0.057168
0.058671
0.056831
0.060547
0.057101
0.057665
0.057400
0.054207
0.053848
0.054363
0.052482
0.052149
0.052712
0.053478
0.052565
0.053242
0.054326
0.051118
0.052536
0.051039
0.051675
0.051865
0.050902
0.050555
0.051685
0.050388
0.051845
0.054523
0.051037
0.052873
0.050542
0.049274
0.050932
0.050498
0.050264
0.049180
0.049209
0.046467
0.049555
0.051819
0.049757
0.048657
0.049726
0.049725
0.049433
0.047159
0.050603
0.046999
0.049847
0.047942
0.046330
0.046509
0.049950
0.046806
0.048045
0.046356
0.047147
0.043128
0.042456
0.047723
0.048866
0.053565
0.047411
0.046693
0.043269
0.041600
0.047872
0.043675
0.036820
0.041797
0.039759
0.058778
0.047270
0.052493
0.049470
0.052269
0.048400
0.040923
0.035966
0.036627
0.037877
0.038501
0.039116
0.036260
0.031398
0.031417
0.030026
0.025064
0.022005
0.020689
0.019805
0.022678
0.017802
0.019566
0.018926
0.025525
0.017500
0.023822
0.026176
0.015610
0.019466
0.015534
0.014614
0.016091
0.016392
0.012292
0.016880
0.011442
0.016514
0.008675
0.012721
0.007438
0.010542
0.009097
0.006521
0.009526
0.004230
0.005990
0.006687
0.003878
0.007123
0.006314
