0.080940
0.088438
0.076723
0.071783
0.067398
0.066315
0.072183
0.065615
0.057826
0.053723
0.054148
0.046979
0.052344
0.047454
0.044852
0.045386
0.040551
0.040071
0.040511
0.040875
0.036696
0.032714
0.036065
0.034189
0.032049
0.030619
0.025731
0.026938
0.028527
0.030207
0.031162
0.029655
0.023700
0.027306
0.018521
0.020941
0.015648
0.018581
0.012103
0.014586
0.010951
0.014296
0.010975
0.013019
0.007892
0.011981
0.009117
0.008660
0.010954
0.008418
0.004975
0.005320
0.005038
0.004463
0.005301
0.003582
0.003075
0.004473
0.002910
0.003871
0.001830
0.002833
0.001683
0.001336
0.002323
0.001388
0.002030
0.002378
0.001543
0.001380
0.001485
0.002727
0.006416
0.001699
0.012819
0.004769
0.013146
0.019473
0.025573
0.010103
0.007415
0.010297
0.006891
0.007261
0.005144
0.004302
0.006974
0.005282
0.013159
0.018270
0.003772
0.012018
0.001790
0.011088
0.005235
0.002257
0.007723
0.002161
0.001960
0.002037
0.001205
0.000738
0.001270
0.000972
0.000553
0.001128
0.001024
0.000577
0.001152
0.000434
0.000886
0.001695
0.000562
0.000325
0.000859
0.000643
0.000592
0.000248
0.002078
0.001836
0.002313
0.000319
0.001087
0.002007
0.000298
0.004617
0.000281
0.000183
0.000470
0.001271
0.000157
0.000111
0.001083
0.000133
0.000151
0.000398
0.000146
0.000292
0.000205
0.000113
0.000085
0.000271
0.000077
0.000102
0.000038
0.000192
0.000087
0.000052
0.000033
0.000037
