0.170000
0.195000
0.165000
0.150000
0.155000
0.155000
0.155000
0.160000
0.170000
0.205000
0.220000
0.240000
0.220000
0.270000
0.245000
0.280000
0.265000
0.300000
0.330000
0.305000
0.330000
0.360000
0.365000
0.355000
0.335000
0.380000
0.395000
0.400000
0.390000
0.395000
0.435000
0.405000
0.370000
0.380000
0.365000
0.385000
0.415000
0.390000
0.425000
0.470000
0.450000
0.430000
0.480000
0.515000
0.465000
0.475000
0.415000
0.420000
0.480000
0.505000
0.555000
0.585000
0.580000
0.580000
0.570000
0.600000
0.575000
0.610000
0.600000
0.575000
0.595000
0.605000
0.505000
0.550000
0.550000
0.575000
0.620000
0.520000
0.610000
0.600000
0.635000
0.630000
0.670000
0.615000
0.690000
0.670000
0.685000
0.605000
0.690000
0.715000
0.720000
0.695000
0.665000
0.675000
0.695000
0.725000
0.725000
0.725000
0.720000
0.740000
0.765000
0.775000
0.690000
0.755000
0.745000
0.795000
0.780000
0.770000
0.765000
0.640000
0.775000
0.810000
0.800000
0.845000
0.825000
0.870000
0.830000
0.875000
0.785000
0.880000
0.900000
0.935000
0.915000
0.910000
0.895000
0.950000
0.900000
0.920000
0.940000
0.925000
0.870000
0.850000
0.885000
0.940000
0.925000
0.955000
0.965000
0.910000
0.920000
0.960000
0.945000
0.955000
0.950000
0.945000
0.950000
0.950000
0.965000
0.970000
0.960000
0.945000
0.925000
0.905000
0.955000
0.945000
0.970000
0.975000
0.965000
0.965000
0.970000
0.970000
