0.165000
0.170000
0.165000
0.170000
0.180000
0.235000
0.170000
0.175000
0.230000
0.230000
0.255000
0.305000
0.290000
0.290000
0.330000
0.305000
0.345000
0.335000
0.245000
0.280000
0.280000
0.315000
0.275000
0.295000
0.355000
0.365000
0.350000
0.375000
0.385000
0.355000
0.365000
0.405000
0.355000
0.405000
0.370000
0.395000
0.385000
0.380000
0.410000
0.395000
0.430000
0.400000
0.405000
0.410000
0.430000
0.445000
0.450000
0.440000
0.455000
0.340000
0.360000
0.385000
0.350000
0.385000
0.420000
0.440000
0.430000
0.425000
0.505000
0.480000
0.535000
0.510000
0.540000
0.600000
0.560000
0.630000
0.490000
0.515000
0.450000
0.330000
0.415000
0.375000
0.375000
0.370000
0.400000
0.475000
0.525000
0.485000
0.525000
0.520000
0.545000
0.590000
0.625000
0.595000
0.640000
0.625000
0.590000
0.670000
0.625000
0.540000
0.445000
0.570000
0.690000
0.650000
0.690000
0.625000
0.740000
0.720000
0.750000
0.745000
0.680000
0.780000
0.840000
0.835000
0.815000
0.780000
0.805000
0.830000
0.770000
0.850000
0.860000
0.825000
0.850000
0.835000
0.820000
0.835000
0.920000
0.900000
0.925000
0.885000
0.935000
0.935000
0.925000
0.910000
0.910000
0.875000
0.925000
0.880000
0.905000
0.915000
0.915000
0.935000
0.890000
0.900000
0.905000
0.910000
0.885000
0.885000
0.935000
0.890000
0.890000
0.775000
0.850000
0.885000
0.935000
0.925000
0.915000
0.930000
0.940000
0.955000
