0.133083
0.064834
0.062678
0.062793
0.062360
0.061833
0.061353
0.061718
0.060362
0.059279
0.058172
0.059726
0.059475
0.061752
0.062494
0.059054
0.059793
0.059003
0.059121
0.058505
0.057591
0.058257
0.059955
0.059791
0.057515
0.058491
0.059801
0.058020
0.058455
0.057922
0.055288
0.056047
0.055846
0.055127
0.055313
0.054003
0.057142
0.057313
0.059918
0.057771
0.058385
0.057782
0.056317
0.054451
0.055113
0.053194
0.051700
0.050878
0.054426
0.054303
0.053249
0.051658
0.049575
0.052278
0.047945
0.045642
0.048037
0.046916
0.047019
0.047517
0.047185
0.047782
0.045571
0.046834
0.046800
0.048111
0.046154
0.046417
0.044501
0.044962
0.041584
0.049256
0.045546
0.045614
0.042376
0.039683
0.039537
0.043017
0.038297
0.038579
0.039106
0.038440
0.039181
0.037481
0.037893
0.036858
0.030324
0.035707
0.037925
0.029300
0.027066
0.029565
0.027002
0.028751
0.024967
0.028837
0.031577
0.029275
0.019945
0.030310
0.020581
0.022204
0.024395
0.032283
0.033440
0.027647
0.029966
0.028654
0.026732
0.026349
0.024417
0.018717
0.016838
0.024494
0.021582
0.015841
0.010113
0.011969
0.011838
0.013456
0.014308
0.014777
0.012165
0.011265
0.011554
0.011432
0.011454
0.012785
0.009579
0.010542
0.016097
0.011859
0.008561
0.007934
0.009282
0.036776
0.013584
0.017254
0.011903
0.010916
0.014382
0.016004
0.041840
0.017521
0.008321
0.006490
0.008543
0.011125
0.009350
0.011631
