0.143843
0.086118
0.069130
0.063041
0.062104
0.059375
0.059705
0.059130
0.053608
0.052441
0.053920
0.049720
0.044509
0.050150
0.049226
0.050270
0.050550
0.044883
0.046666
0.047508
0.041500
0.050572
0.040209
0.035131
0.034369
0.033167
0.034236
0.042656
0.045737
0.046379
0.037623
0.029730
0.026707
0.028590
0.025252
0.021394
0.024967
0.031407
0.029878
0.024093
0.022084
0.025527
0.023330
0.018923
0.018106
0.023329
0.023326
0.020358
0.019465
0.016024
0.017928
0.016268
0.017676
0.018395
0.018356
0.022069
0.019448
0.018718
0.016374
0.026557
0.015296
0.017180
0.018331
0.015234
0.017310
0.021582
0.010024
0.010564
0.016027
0.014173
0.012695
0.009516
0.010882
0.013217
0.009649
0.007991
0.008211
0.006096
0.008143
0.012794
0.014907
0.014409
0.012885
0.014025
0.008189
0.007035
0.006730
0.005173
0.012656
0.013713
0.009066
0.007037
0.007215
0.007953
0.004748
0.005779
0.005380
0.015072
0.007738
0.009589
0.008548
0.011431
0.055695
0.035647
0.033056
0.019014
0.020451
0.013639
0.011861
0.010678
0.008605
0.009162
0.007874
0.010945
0.005538
0.006639
0.007795
0.011017
0.008619
0.007098
0.006282
0.007138
0.006605
0.005044
0.003367
0.004492
0.007191
0.006219
0.004711
0.003106
0.004450
0.010159
0.010927
0.006822
0.005254
0.003730
0.004006
0.002609
0.003908
0.004046
0.002261
0.002417
0.002179
0.002148
0.004778
0.002195
0.003548
0.003380
0.002961
0.002555
