0.109875
0.062834
0.062634
0.062519
0.062597
0.062352
0.062595
0.062558
0.061080
0.060892
0.059856
0.057904
0.059676
0.058731
0.058265
0.059483
0.057196
0.057988
0.060331
0.059678
0.060715
0.057055
0.058646
0.057936
0.057391
0.055443
0.055536
0.055970
0.056599
0.056579
0.054823
0.053376
0.056268
0.054904
0.055442
0.053605
0.053405
0.056250
0.054926
0.051255
0.051162
0.053091
0.053588
0.051169
0.051957
0.048534
0.050196
0.049521
0.051523
0.054421
0.055158
0.054084
0.053132
0.051742
0.052658
0.049534
0.051775
0.055022
0.049142
0.047718
0.045417
0.043176
0.039385
0.038454
0.037179
0.035049
0.039929
0.051974
0.048149
0.060365
0.052910
0.052325
0.055114
0.052434
0.049364
0.046003
0.044487
0.043089
0.045364
0.042219
0.041907
0.036032
0.033045
0.036254
0.033804
0.034985
0.033704
0.032685
0.034374
0.042015
0.044753
0.041478
0.034234
0.032370
0.028663
0.034321
0.025840
0.027714
0.022987
0.028801
0.027356
0.020791
0.017777
0.016389
0.016673
0.018019
0.020116
0.020290
0.017296
0.014140
0.013220
0.015441
0.015970
0.014714
0.015638
0.013414
0.010104
0.009083
0.008712
0.009378
0.005752
0.006657
0.010030
0.010508
0.009086
0.013824
0.007465
0.010030
0.007458
0.008684
0.009917
0.006092
0.007810
0.010203
0.010578
0.009392
0.009769
0.010420
0.006568
0.012296
0.010984
0.024505
0.013818
0.010625
0.008992
0.006154
0.008101
0.005290
0.005259
0.004821
