0.118629
0.064494
0.062714
0.062751
0.062712
0.062790
0.062790
0.062752
0.062480
0.062166
0.062088
0.060991
0.062606
0.059629
0.059744
0.058542
0.059219
0.058774
0.054876
0.057644
0.055139
0.054587
0.053538
0.054217
0.055133
0.054191
0.052444
0.051162
0.054054
0.054313
0.050186
0.053028
0.053787
0.054871
0.055132
0.049720
0.051360
0.051784
0.050868
0.047461
0.051838
0.047884
0.045729
0.046455
0.047597
0.047832
0.052119
0.049258
0.044745
0.042617
0.043138
0.040327
0.038193
0.039262
0.035010
0.040069
0.039950
0.035610
0.039296
0.036165
0.037762
0.037363
0.052856
0.040573
0.041034
0.036233
0.033733
0.041873
0.034873
0.037366
0.034556
0.031620
0.029576
0.032382
0.030072
0.026198
0.026669
0.035734
0.025618
0.027896
0.025750
0.027183
0.030789
0.027325
0.025009
0.023909
0.021560
0.025315
0.043953
0.024395
0.024781
0.022733
0.027544
0.023596
0.022759
0.021614
0.017640
0.024620
0.032356
0.038485
0.018773
0.017467
0.014405
0.015236
0.014289
0.013214
0.015275
0.013339
0.016166
0.012688
0.010094
0.007652
0.008071
0.009862
0.007515
0.006156
0.009571
0.008763
0.005983
0.007999
0.013165
0.016008
0.010682
0.006021
0.013272
0.004639
0.005204
0.008021
0.006366
0.005331
0.004522
0.004431
0.005619
0.004545
0.006906
0.005025
0.003924
0.004219
0.004237
0.004808
0.006178
0.009837
0.004508
0.004853
0.004240
0.003076
0.002603
0.003943
0.002865
0.001925
