0.077808
0.062877
0.063023
0.062754
0.062640
0.062220
0.061850
0.062678
0.062832
0.062713
0.062635
0.062897
0.062360
0.061855
0.061839
0.060062
0.062006
0.061568
0.059888
0.058397
0.059459
0.057910
0.057051
0.055701
0.055205
0.053988
0.052684
0.054768
0.053505
0.060315
0.057495
0.057989
0.056839
0.054911
0.049462
0.050842
0.051224
0.051138
0.047885
0.046820
0.049026
0.047412
0.047984
0.050092
0.042707
0.047503
0.046128
0.045655
0.045817
0.044446
0.042390
0.041545
0.045314
0.040718
0.041549
0.045401
0.042489
0.040101
0.035266
0.035176
0.036656
0.036354
0.048086
0.048323
0.043606
0.037570
0.032442
0.030692
0.028563
0.027338
0.027324
0.026876
0.028804
0.037207
0.033890
0.028272
0.026781
0.028740
0.031804
0.026826
0.027697
0.029787
0.033644
0.030343
0.026541
0.021097
0.017510
0.019423
0.026564
0.020589
0.018446
0.019518
0.015697
0.014228
0.012925
0.011206
0.013847
0.011366
0.015864
0.022227
0.016378
0.021053
0.025075
0.026182
0.024720
0.015723
0.014637
0.010013
0.009501
0.010891
0.007931
0.008541
0.008064
0.012020
0.014854
0.009225
0.009237
0.015759
0.014355
0.012077
0.009097
0.008974
0.007076
0.004995
0.005473
0.009054
0.006334
0.006497
0.005002
0.005328
0.003275
0.003840
0.003565
0.005365
0.004154
0.002830
0.002386
0.002084
0.001543
0.002003
0.001605
0.001846
0.001661
0.001244
0.002104
0.001457
0.001257
0.002349
0.001021
0.001502
