0.155014
0.064274
0.062869
0.062245
0.062525
0.062634
0.062869
0.062751
0.062751
0.062047
0.062608
0.062291
0.062950
0.062903
0.062405
0.061155
0.060978
0.062745
0.060800
0.058305
0.059066
0.059777
0.058057
0.054224
0.057145
0.053622
0.053457
0.051951
0.051598
0.056843
0.057572
0.055059
0.052596
0.052484
0.047254
0.049458
0.046892
0.045752
0.046029
0.042023
0.045011
0.043727
0.049894
0.046636
0.043355
0.042581
0.039845
0.042407
0.040591
0.037251
0.036805
0.039719
0.041354
0.043906
0.039874
0.042808
0.041285
0.044114
0.040316
0.039176
0.039074
0.033831
0.036821
0.033439
0.033208
0.045060
0.040459
0.047225
0.037098
0.034752
0.037655
0.042217
0.038640
0.039075
0.033078
0.026896
0.027729
0.031466
0.032173
0.030849
0.028384
0.028027
0.021924
0.023677
0.024008
0.021938
0.029189
0.032653
0.025073
0.024822
0.026830
0.025827
0.024096
0.024828
0.026671
0.023767
0.024407
0.018133
0.030248
0.017903
0.019446
0.021318
0.017487
0.022748
0.024295
0.017779
0.017055
0.013546
0.014187
0.021906
0.018953
0.014734
0.013748
0.014159
0.018300
0.012770
0.013516
0.019022
0.018313
0.014665
0.016303
0.012426
0.009789
0.012240
0.010445
0.011545
0.012735
0.008548
0.007777
0.006807
0.006845
0.005526
0.008005
0.006873
0.005644
0.007414
0.014303
0.014436
0.008898
0.008894
0.008078
0.009047
0.006948
0.007840
0.005820
0.005553
0.008633
0.010519
0.006351
0.003965
