0.165000
0.170000
0.180000
0.185000
0.185000
0.185000
0.180000
0.220000
0.265000
0.260000
0.240000
0.260000
0.305000
0.290000
0.295000
0.325000
0.300000
0.350000
0.395000
0.300000
0.300000
0.285000
0.385000
0.345000
0.395000
0.415000
0.410000
0.435000
0.420000
0.510000
0.460000
0.535000
0.550000
0.485000
0.555000
0.525000
0.490000
0.510000
0.605000
0.550000
0.560000
0.540000
0.565000
0.625000
0.570000
0.595000
0.630000
0.680000
0.615000
0.605000
0.690000
0.630000
0.570000
0.650000
0.635000
0.625000
0.570000
0.650000
0.625000
0.655000
0.695000
0.695000
0.730000
0.700000
0.745000
0.700000
0.765000
0.785000
0.795000
0.825000
0.765000
0.745000
0.795000
0.770000
0.805000
0.755000
0.790000
0.785000
0.875000
0.815000
0.780000
0.815000
0.785000
0.760000
0.815000
0.805000
0.850000
0.880000
0.860000
0.910000
0.925000
0.935000
0.930000
0.930000
0.915000
0.905000
0.875000
0.855000
0.825000
0.885000
0.910000
0.835000
0.810000
0.795000
0.880000
0.880000
0.885000
0.915000
0.875000
0.875000
0.885000
0.880000
0.940000
0.935000
0.935000
0.910000
0.915000
0.905000
0.945000
0.940000
0.965000
0.935000
0.960000
0.965000
0.950000
0.970000
0.925000
0.925000
0.920000
0.940000
0.905000
0.905000
0.880000
0.895000
0.930000
0.925000
0.925000
0.910000
0.950000
0.945000
0.950000
0.970000
0.975000
0.970000
0.985000
0.970000
0.935000
0.865000
0.800000
0.775000
