0.145000
0.150000
0.165000
0.175000
0.200000
0.175000
0.210000
0.230000
0.175000
0.195000
0.245000
0.210000
0.265000
0.290000
0.310000
0.300000
0.320000
0.270000
0.280000
0.275000
0.340000
0.305000
0.345000
0.380000
0.340000
0.350000
0.325000
0.400000
0.430000
0.375000
0.405000
0.390000
0.420000
0.500000
0.455000
0.465000
0.480000
0.535000
0.460000
0.490000
0.520000
0.605000
0.620000
0.595000
0.550000
0.670000
0.640000
0.695000
0.665000
0.735000
0.700000
0.745000
0.700000
0.765000
0.730000
0.765000
0.725000
0.795000
0.795000
0.775000
0.695000
0.680000
0.740000
0.735000
0.670000
0.660000
0.730000
0.755000
0.765000
0.775000
0.800000
0.825000
0.845000
0.855000
0.895000
0.890000
0.895000
0.880000
0.895000
0.875000
0.900000
0.925000
0.930000
0.905000
0.900000
0.945000
0.915000
0.885000
0.920000
0.855000
0.800000
0.790000
0.800000
0.895000
0.920000
0.900000
0.910000
0.910000
0.885000
0.785000
0.775000
0.685000
0.640000
0.815000
0.790000
0.785000
0.855000
0.870000
0.880000
0.860000
0.880000
0.905000
0.925000
0.940000
0.940000
0.960000
0.965000
0.960000
0.970000
0.980000
0.985000
0.970000
0.975000
0.980000
0.985000
0.960000
0.970000
0.985000
0.985000
0.975000
0.990000
0.970000
0.970000
0.975000
0.965000
0.975000
0.970000
0.940000
0.955000
0.955000
0.925000
0.935000
0.895000
0.895000
0.935000
0.885000
0.930000
0.920000
0.895000
0.805000
