0.130000
0.195000
0.175000
0.175000
0.175000
0.175000
0.180000
0.190000
0.205000
0.185000
0.225000
0.230000
0.210000
0.205000
0.210000
0.275000
0.270000
0.300000
0.280000
0.240000
0.270000
0.300000
0.280000
0.285000
0.320000
0.280000
0.295000
0.330000
0.345000
0.355000
0.305000
0.295000
0.300000
0.360000
0.320000
0.355000
0.340000
0.310000
0.360000
0.340000
0.390000
0.305000
0.375000
0.320000
0.450000
0.470000
0.460000
0.445000
0.490000
0.485000
0.560000
0.495000
0.555000
0.590000
0.555000
0.555000
0.560000
0.565000
0.565000
0.560000
0.630000
0.675000
0.645000
0.630000
0.660000
0.675000
0.645000
0.670000
0.695000
0.705000
0.690000
0.735000
0.730000
0.755000
0.755000
0.760000
0.780000
0.770000
0.735000
0.715000
0.800000
0.745000
0.780000
0.745000
0.675000
0.795000
0.705000
0.765000
0.775000
0.715000
0.695000
0.790000
0.815000
0.795000
0.795000
0.865000
0.810000
0.805000
0.850000
0.845000
0.875000
0.905000
0.905000
0.885000
0.900000
0.905000
0.930000
0.940000
0.940000
0.910000
0.885000
0.870000
0.900000
0.920000
0.865000
0.905000
0.905000
0.840000
0.870000
0.890000
0.865000
0.880000
0.885000
0.815000
0.720000
0.775000
0.785000
0.810000
0.820000
0.875000
0.870000
0.885000
0.905000
0.970000
0.935000
0.970000
0.965000
0.965000
0.970000
0.975000
0.970000
0.960000
0.960000
0.950000
0.975000
0.965000
0.955000
0.960000
0.950000
0.965000
