0.089589
0.063654
0.062673
0.062712
0.062712
0.062712
0.062284
0.062799
0.062225
0.060498
0.059866
0.059400
0.060218
0.058354
0.059002
0.057932
0.058985
0.056632
0.060604
0.057887
0.059684
0.053352
0.055922
0.052262
0.056851
0.058098
0.057791
0.055078
0.055757
0.060589
0.058064
0.053400
0.053892
0.054228
0.049420
0.049869
0.054449
0.051609
0.051909
0.049683
0.052758
0.052752
0.053204
0.049763
0.046966
0.048418
0.044361
0.047243
0.047872
0.044231
0.041849
0.045960
0.039578
0.038854
0.041659
0.038458
0.037014
0.037207
0.040261
0.036821
0.033541
0.029002
0.034105
0.033317
0.030952
0.029812
0.032402
0.030857
0.028242
0.024698
0.026833
0.024428
0.025986
0.023720
0.024009
0.020844
0.021115
0.022862
0.024614
0.026091
0.020195
0.023861
0.019119
0.025762
0.033547
0.020729
0.028062
0.024124
0.021052
0.027177
0.024354
0.017385
0.018913
0.018359
0.015577
0.014446
0.015639
0.019907
0.016265
0.011804
0.012873
0.009521
0.009371
0.009451
0.008835
0.009751
0.009125
0.009079
0.005905
0.008522
0.011382
0.014306
0.008696
0.011141
0.012692
0.010756
0.011119
0.017591
0.011250
0.014082
0.011284
0.018159
0.010897
0.035020
0.029417
0.024913
0.022910
0.020397
0.018111
0.013098
0.013460
0.010211
0.007464
0.004544
0.005291
0.003890
0.004287
0.003382
0.002988
0.003824
0.003946
0.004270
0.003502
0.006345
0.003032
0.003542
0.006228
0.006923
0.007261
0.004761
