0.084429
0.062732
0.062830
0.062712
0.062634
0.062371
0.062444
0.062551
0.062510
0.062523
0.062511
0.062441
0.062365
0.062519
0.062326
0.062015
0.062412
0.061864
0.061158
0.062015
0.062290
0.062301
0.062214
0.061106
0.062939
0.060697
0.061826
0.061279
0.062667
0.061045
0.060282
0.059609
0.061075
0.060896
0.060927
0.061013
0.061482
0.061889
0.059660
0.060270
0.062078
0.062438
0.061928
0.060534
0.059662
0.059200
0.058996
0.061578
0.059444
0.057849
0.058632
0.061248
0.061842
0.061701
0.062172
0.061037
0.061257
0.061488
0.061095
0.061783
0.061361
0.061371
0.060776
0.060094
0.060970
0.062348
0.059227
0.058707
0.056395
0.061601
0.057316
0.057432
0.056151
0.055838
0.057560
0.056973
0.056084
0.053497
0.053075
0.055637
0.054977
0.056792
0.055077
0.053655
0.053559
0.054195
0.054742
0.052677
0.053437
0.055878
0.054048
0.052296
0.051813
0.061481
0.054519
0.056770
0.054410
0.051224
0.053898
0.058183
0.055056
0.053775
0.055001
0.052061
0.052677
0.051391
0.047922
0.048855
0.045982
0.048277
0.045660
0.043947
0.044260
0.043399
0.045577
0.042849
0.041732
0.041175
0.044459
0.045045
0.045648
0.045159
0.042506
0.040575
0.045004
0.046839
0.045311
0.040979
0.045115
0.040723
0.037757
0.039040
0.036395
0.040302
0.038547
0.039266
0.036578
0.035708
0.036233
0.040528
0.039175
0.034226
0.051367
0.039841
0.039145
0.037893
0.034700
0.035671
0.031862
0.030566
