0.067838
0.064257
0.063683
0.063995
0.063164
0.062273
0.062573
0.062231
0.062679
0.061701
0.061994
0.063644
0.061792
0.060146
0.058963
0.059704
0.059716
0.061925
0.058569
0.059438
0.055886
0.057868
0.059167
0.056047
0.055848
0.053934
0.053268
0.051203
0.049829
0.058515
0.052704
0.050137
0.049426
0.048438
0.051078
0.044883
0.043981
0.042072
0.050321
0.042650
0.038465
0.032938
0.034200
0.036761
0.040067
0.029443
0.029564
0.029396
0.026766
0.023589
0.026146
0.024263
0.026102
0.023992
0.024243
0.026220
0.021240
0.020089
0.019161
0.023280
0.024380
0.024321
0.025394
0.024831
0.030966
0.025301
0.021414
0.022319
0.019311
0.018540
0.016568
0.016960
0.014158
0.013590
0.011970
0.011834
0.010321
0.010235
0.011523
0.013134
0.009663
0.009267
0.008809
0.008040
0.009056
0.008293
0.009306
0.008953
0.009514
0.015401
0.021428
0.021155
0.018880
0.009143
0.010945
0.008488
0.011387
0.008811
0.011380
0.028272
0.023128
0.038274
0.030059
0.019086
0.023512
0.017546
0.014896
0.013073
0.015328
0.013846
0.014770
0.008467
0.006158
0.006072
0.006059
0.004060
0.004784
0.003127
0.003821
0.002726
0.002127
0.003339
0.003151
0.002934
0.002569
0.003579
0.003349
0.003005
0.002561
0.002337
0.002099
0.002346
0.002936
0.002798
0.003871
0.003968
0.003914
0.006342
0.003388
0.004508
0.005685
0.009044
0.010149
0.010832
0.011519
0.012371
0.006011
0.010991
0.013255
0.030790
