0.084442
0.062866
0.062120
0.061051
0.060410
0.061295
0.059385
0.058218
0.060997
0.058138
0.056754
0.055764
0.060334
0.057516
0.057785
0.054786
0.056565
0.050193
0.056811
0.063223
0.061622
0.059718
0.053970
0.053866
0.051245
0.048516
0.047624
0.048129
0.050089
0.047063
0.053742
0.046470
0.040833
0.045269
0.043681
0.040801
0.042343
0.045234
0.035864
0.036236
0.041376
0.041649
0.038588
0.037262
0.037485
0.032425
0.033695
0.029664
0.032179
0.032389
0.030402
0.035242
0.038239
0.033908
0.036552
0.034715
0.042828
0.035041
0.033990
0.044180
0.027639
0.028584
0.024043
0.026340
0.024018
0.025478
0.023149
0.019261
0.020663
0.017256
0.022343
0.022379
0.018307
0.025527
0.019349
0.024821
0.020688
0.018699
0.012514
0.017556
0.023600
0.021071
0.017332
0.021872
0.016831
0.015973
0.015543
0.012655
0.011115
0.007567
0.008369
0.008155
0.006678
0.007346
0.007243
0.012015
0.013956
0.019581
0.017669
0.011432
0.008683
0.017430
0.017570
0.017767
0.011922
0.013016
0.011068
0.010054
0.010994
0.016062
0.010034
0.012969
0.007101
0.006634
0.007052
0.010436
0.007132
0.008703
0.006420
0.004747
0.006148
0.005359
0.004251
0.003705
0.003498
0.003789
0.008299
0.006608
0.009023
0.006967
0.007914
0.013483
0.015076
0.014546
0.007185
0.007781
0.010024
0.008942
0.004720
0.005113
0.007508
0.003818
0.002423
0.002996
0.002472
0.003577
0.008923
0.032779
0.036427
0.027082
