0.092813
0.064043
0.062948
0.063229
0.062611
0.062994
0.062241
0.063292
0.061925
0.063325
0.064684
0.063329
0.062751
0.062791
0.063028
0.062522
0.062048
0.062043
0.061726
0.060945
0.062490
0.060534
0.063308
0.062342
0.061786
0.061181
0.061998
0.062238
0.062002
0.062164
0.061192
0.061777
0.061132
0.059609
0.060590
0.060490
0.061159
0.060633
0.059355
0.061202
0.056555
0.058123
0.057419
0.053280
0.054195
0.058594
0.053666
0.052696
0.053751
0.049200
0.054966
0.054232
0.046779
0.051212
0.049624
0.070360
0.052191
0.054416
0.051014
0.045555
0.050843
0.050062
0.046003
0.051102
0.046053
0.043382
0.038102
0.034844
0.040347
0.039679
0.040966
0.042094
0.045752
0.038943
0.038299
0.033422
0.031617
0.033197
0.033380
0.030523
0.030518
0.032502
0.032117
0.030762
0.031585
0.027590
0.037958
0.028763
0.027320
0.029242
0.032405
0.027196
0.045223
0.020096
0.025836
0.031964
0.031899
0.023212
0.033075
0.021045
0.026215
0.027189
0.024128
0.020191
0.018416
0.020407
0.020346
0.015088
0.018172
0.025024
0.021476
0.016611
0.017586
0.018667
0.013402
0.014120
0.013077
0.011158
0.013534
0.016659
0.011864
0.011153
0.010078
0.012306
0.013760
0.014628
0.013965
0.014817
0.020664
0.012177
0.019881
0.009980
0.011149
0.012293
0.015325
0.012240
0.015300
0.012938
0.013990
0.010938
0.011494
0.009110
0.018405
0.009162
0.007273
0.006969
0.006252
0.008499
0.005663
0.007207
