0.081970
0.064482
0.063059
0.062869
0.062991
0.063065
0.062589
0.062684
0.062443
0.061648
0.061881
0.062384
0.061606
0.063068
0.060405
0.062669
0.062985
0.062917
0.058324
0.060520
0.057499
0.057241
0.055704
0.054941
0.055949
0.053798
0.055198
0.052183
0.055350
0.051004
0.051506
0.051172
0.050656
0.049638
0.053660
0.052987
0.052723
0.050150
0.047205
0.045226
0.044726
0.045244
0.042311
0.045446
0.045692
0.043935
0.047600
0.042363
0.043458
0.048175
0.044853
0.040184
0.037323
0.036303
0.036906
0.029666
0.038055
0.032532
0.029717
0.027639
0.030353
0.026529
0.034326
0.023957
0.024780
0.025385
0.026228
0.032499
0.041145
0.044514
0.034254
0.033128
0.032854
0.026720
0.030435
0.023989
0.019786
0.017812
0.017697
0.025604
0.029986
0.026828
0.018017
0.023537
0.019186
0.018684
0.018544
0.021044
0.025349
0.018018
0.043720
0.029304
0.021485
0.020383
0.023114
0.014395
0.015963
0.013039
0.011290
0.032889
0.027221
0.016736
0.011799
0.009473
0.013905
0.012955
0.014215
0.009654
0.006885
0.007515
0.005456
0.009292
0.008400
0.036993
0.025220
0.024524
0.025055
0.016144
0.019212
0.017185
0.019864
0.010743
0.008692
0.006037
0.005046
0.004812
0.005923
0.007195
0.005975
0.004863
0.005421
0.004295
0.003736
0.004465
0.002996
0.003120
0.003826
0.002960
0.002507
0.003043
0.002630
0.003773
0.006395
0.007016
0.005929
0.005722
0.002578
0.006298
0.005510
0.003605
