0.190000
0.180000
0.255000
0.280000
0.255000
0.325000
0.305000
0.345000
0.295000
0.350000
0.375000
0.350000
0.325000
0.360000
0.395000
0.405000
0.395000
0.365000
0.385000
0.415000
0.440000
0.490000
0.460000
0.465000
0.460000
0.480000
0.480000
0.470000
0.420000
0.515000
0.405000
0.510000
0.535000
0.595000
0.620000
0.545000
0.595000
0.610000
0.625000
0.665000
0.690000
0.700000
0.725000
0.745000
0.745000
0.710000
0.710000
0.755000
0.715000
0.775000
0.750000
0.780000
0.750000
0.820000
0.770000
0.765000
0.635000
0.630000
0.665000
0.710000
0.745000
0.790000
0.820000
0.785000
0.850000
0.855000
0.835000
0.835000
0.870000
0.875000
0.910000
0.900000
0.920000
0.905000
0.830000
0.810000
0.835000
0.880000
0.905000
0.925000
0.925000
0.955000
0.975000
0.975000
0.950000
0.950000
0.950000
0.955000
0.970000
0.960000
0.920000
0.895000
0.905000
0.920000
0.920000
0.930000
0.905000
0.920000
0.940000
0.925000
0.900000
0.915000
0.950000
0.945000
0.975000
0.945000
0.965000
0.975000
0.965000
0.995000
0.995000
0.985000
0.985000
0.980000
0.950000
0.935000
0.875000
0.915000
0.880000
0.930000
0.935000
0.925000
0.925000
0.950000
0.955000
0.965000
0.940000
0.960000
0.965000
0.960000
0.945000
0.940000
0.945000
0.930000
0.950000
0.960000
0.970000
0.970000
0.985000
0.995000
0.990000
0.995000
0.995000
0.985000
0.995000
1.000000
1.000000
0.995000
0.985000
1.000000
