0.215000
0.215000
0.210000
0.235000
0.270000
0.250000
0.285000
0.315000
0.310000
0.335000
0.340000
0.370000
0.390000
0.360000
0.360000
0.360000
0.395000
0.480000
0.440000
0.410000
0.415000
0.465000
0.465000
0.490000
0.530000
0.475000
0.530000
0.535000
0.580000
0.590000
0.635000
0.590000
0.555000
0.560000
0.565000
0.670000
0.625000
0.640000
0.595000
0.630000
0.710000
0.695000
0.700000
0.710000
0.670000
0.680000
0.690000
0.755000
0.740000
0.760000
0.730000
0.740000
0.775000
0.755000
0.770000
0.775000
0.825000
0.840000
0.870000
0.835000
0.820000
0.840000
0.825000
0.840000
0.810000
0.735000
0.820000
0.785000
0.825000
0.780000
0.800000
0.855000
0.785000
0.790000
0.840000
0.860000
0.870000
0.920000
0.895000
0.845000
0.845000
0.925000
0.945000
0.915000
0.945000
0.955000
0.950000
0.925000
0.950000
0.980000
0.960000
0.955000
0.975000
0.960000
0.965000
0.905000
0.885000
0.900000
0.825000
0.890000
0.870000
0.915000
0.875000
0.860000
0.845000
0.895000
0.890000
0.890000
0.895000
0.950000
0.935000
0.955000
0.960000
0.965000
0.920000
0.945000
0.920000
0.905000
0.920000
0.935000
0.940000
0.970000
0.940000
0.985000
0.955000
0.930000
0.935000
0.895000
0.930000
0.935000
0.930000
0.930000
0.925000
0.950000
0.960000
0.950000
0.970000
0.955000
0.960000
0.970000
0.970000
0.945000
0.965000
0.960000
0.960000
0.960000
0.930000
0.965000
0.960000
0.950000
