0.130000
0.180000
0.180000
0.190000
0.180000
0.175000
0.175000
0.175000
0.220000
0.285000
0.270000
0.290000
0.290000
0.305000
0.295000
0.300000
0.300000
0.305000
0.315000
0.295000
0.300000
0.315000
0.305000
0.305000
0.310000
0.295000
0.305000
0.300000
0.310000
0.300000
0.315000
0.305000
0.310000
0.310000
0.340000
0.370000
0.355000
0.355000
0.345000
0.375000
0.370000
0.405000
0.435000
0.460000
0.475000
0.510000
0.475000
0.480000
0.500000
0.550000
0.560000
0.635000
0.600000
0.540000
0.570000
0.605000
0.650000
0.675000
0.635000
0.640000
0.595000
0.750000
0.740000
0.745000
0.715000
0.735000
0.770000
0.850000
0.880000
0.840000
0.865000
0.865000
0.840000
0.855000
0.800000
0.795000
0.880000
0.840000
0.875000
0.840000
0.910000
0.890000
0.890000
0.910000
0.930000
0.915000
0.930000
0.930000
0.955000
0.920000
0.910000
0.920000
0.905000
0.930000
0.925000
0.870000
0.895000
0.920000
0.870000
0.855000
0.910000
0.905000
0.930000
0.925000
0.915000
0.925000
0.905000
0.950000
0.940000
0.945000
0.940000
0.975000
0.950000
0.940000
0.955000
0.945000
0.945000
0.930000
0.880000
0.860000
0.870000
0.885000
0.955000
0.935000
0.945000
0.960000
0.935000
0.960000
0.965000
0.960000
0.935000
0.945000
0.970000
0.970000
0.955000
0.970000
0.970000
0.950000
0.960000
0.980000
0.965000
0.965000
0.945000
0.955000
0.960000
0.955000
0.955000
0.965000
0.945000
0.955000
