0.150000
0.170000
0.160000
0.195000
0.215000
0.245000
0.245000
0.275000
0.305000
0.325000
0.330000
0.355000
0.360000
0.345000
0.375000
0.360000
0.345000
0.370000
0.345000
0.365000
0.360000
0.360000
0.375000
0.370000
0.355000
0.355000
0.385000
0.385000
0.370000
0.380000
0.385000
0.385000
0.370000
0.380000
0.395000
0.355000
0.385000
0.410000
0.370000
0.400000
0.420000
0.430000
0.435000
0.465000
0.495000
0.485000
0.520000
0.555000
0.580000
0.570000
0.625000
0.550000
0.590000
0.650000
0.715000
0.625000
0.610000
0.670000
0.650000
0.685000
0.735000
0.685000
0.720000
0.740000
0.795000
0.795000
0.800000
0.810000
0.875000
0.835000
0.845000
0.865000
0.805000
0.890000
0.845000
0.865000
0.875000
0.815000
0.825000
0.860000
0.865000
0.900000
0.910000
0.855000
0.870000
0.855000
0.885000
0.920000
0.930000
0.910000
0.935000
0.915000
0.910000
0.930000
0.885000
0.930000
0.930000
0.920000
0.925000
0.925000
0.925000
0.945000
0.905000
0.930000
0.935000
0.945000
0.890000
0.925000
0.915000
0.960000
0.955000
0.925000
0.945000
0.935000
0.860000
0.880000
0.900000
0.915000
0.980000
0.920000
0.975000
0.955000
0.945000
0.960000
0.945000
0.965000
0.970000
0.955000
0.965000
0.975000
0.985000
0.980000
0.995000
0.985000
0.960000
0.970000
0.970000
0.970000
0.980000
0.965000
0.980000
0.975000
0.965000
0.950000
0.870000
0.885000
0.895000
0.895000
0.925000
0.940000
