0.165000
0.175000
0.180000
0.185000
0.185000
0.185000
0.185000
0.185000
0.185000
0.185000
0.185000
0.185000
0.185000
0.210000
0.280000
0.295000
0.305000
0.355000
0.350000
0.385000
0.375000
0.395000
0.370000
0.410000
0.425000
0.430000
0.490000
0.485000
0.475000
0.500000
0.420000
0.575000
0.600000
0.525000
0.595000
0.605000
0.545000
0.625000
0.645000
0.715000
0.685000
0.685000
0.730000
0.715000
0.705000
0.685000
0.725000
0.755000
0.765000
0.810000
0.785000
0.850000
0.790000
0.845000
0.840000
0.740000
0.755000
0.755000
0.765000
0.820000
0.870000
0.830000
0.860000
0.860000
0.890000
0.875000
0.870000
0.875000
0.895000
0.920000
0.915000
0.890000
0.880000
0.905000
0.885000
0.925000
0.915000
0.940000
0.950000
0.895000
0.950000
0.870000
0.785000
0.810000
0.860000
0.905000
0.915000
0.935000
0.885000
0.925000
0.925000
0.790000
0.810000
0.830000
0.820000
0.900000
0.950000
0.925000
0.970000
0.920000
0.960000
0.960000
0.960000
0.965000
0.950000
0.965000
0.955000
0.955000
0.960000
0.980000
0.985000
0.965000
0.985000
0.995000
0.990000
0.990000
0.985000
0.990000
0.990000
0.985000
0.990000
0.985000
0.985000
0.980000
0.985000
0.975000
0.960000
0.950000
0.935000
0.965000
0.955000
0.950000
0.960000
0.985000
0.975000
0.960000
0.955000
0.965000
0.960000
0.960000
0.970000
0.965000
1.000000
0.995000
0.985000
0.995000
0.995000
1.000000
0.995000
0.990000
