0.109173
0.067851
0.063258
0.062635
0.063660
0.063221
0.062099
0.058846
0.058831
0.058094
0.057532
0.056626
0.057110
0.057631
0.053993
0.054435
0.054175
0.055148
0.054744
0.055134
0.053283
0.056390
0.052425
0.053685
0.054144
0.055045
0.051393
0.053539
0.055093
0.054091
0.051750
0.051704
0.054727
0.055326
0.054134
0.054266
0.053187
0.053777
0.052044
0.052520
0.049968
0.049091
0.054110
0.048977
0.051683
0.046088
0.043749
0.038349
0.040334
0.042278
0.037338
0.041156
0.035989
0.032895
0.030382
0.036904
0.037685
0.031456
0.037572
0.027469
0.026733
0.030654
0.027177
0.021932
0.018333
0.017983
0.018017
0.018161
0.012942
0.013817
0.013561
0.012081
0.013209
0.011730
0.012040
0.012221
0.012499
0.017468
0.013336
0.013764
0.011072
0.010103
0.009830
0.014762
0.012732
0.011886
0.009649
0.007541
0.008262
0.008726
0.009899
0.007329
0.007362
0.008057
0.007123
0.005129
0.006005
0.007908
0.006391
0.005897
0.006911
0.007610
0.009459
0.005495
0.007954
0.007525
0.010493
0.006682
0.006324
0.004740
0.004325
0.005766
0.010866
0.009751
0.015293
0.011397
0.008530
0.006513
0.005316
0.006389
0.003427
0.004887
0.005231
0.004675
0.004061
0.004216
0.002849
0.004513
0.003933
0.002841
0.002112
0.002685
0.001637
0.002442
0.004281
0.002782
0.002344
0.002231
0.002386
0.003400
0.002230
0.002662
0.003642
0.005417
0.016821
0.014506
0.010431
0.013678
0.006546
0.006677
