0.104872
0.063531
0.062595
0.063826
0.062595
0.062712
0.062712
0.062712
0.061920
0.059680
0.059733
0.057291
0.058227
0.057696
0.057093
0.057541
0.057845
0.056674
0.055486
0.057346
0.056455
0.057547
0.054562
0.053061
0.051678
0.053909
0.051989
0.052498
0.049184
0.050449
0.050037
0.049648
0.052256
0.050457
0.054266
0.059337
0.055729
0.054706
0.055926
0.051415
0.052744
0.050853
0.047755
0.044049
0.045712
0.041745
0.045230
0.045223
0.048275
0.045503
0.038039
0.036866
0.043296
0.041773
0.043142
0.032609
0.031624
0.028403
0.038458
0.033463
0.033597
0.024166
0.029791
0.023644
0.025164
0.020648
0.017762
0.015915
0.014456
0.015272
0.015319
0.014552
0.016700
0.020122
0.022551
0.016782
0.015121
0.013661
0.013891
0.012720
0.010769
0.010921
0.010958
0.012819
0.013561
0.011200
0.009319
0.008648
0.008042
0.008392
0.009668
0.009873
0.009318
0.009849
0.008145
0.010155
0.007934
0.009397
0.012933
0.013026
0.010484
0.011408
0.009306
0.007528
0.007642
0.008668
0.010433
0.007077
0.008094
0.006064
0.007133
0.004115
0.005718
0.009042
0.003856
0.005290
0.005859
0.008026
0.010803
0.023016
0.013349
0.008886
0.006841
0.008929
0.007286
0.005125
0.009614
0.004017
0.004468
0.004244
0.006767
0.005511
0.004420
0.004065
0.004590
0.003556
0.008396
0.004182
0.004283
0.003347
0.003257
0.004115
0.005254
0.006099
0.004630
0.005403
0.008480
0.002971
0.005579
0.004433
