0.117432
0.065500
0.063464
0.062276
0.061987
0.063608
0.059301
0.058922
0.055652
0.055992
0.057317
0.053546
0.055098
0.057563
0.055612
0.055677
0.054348
0.047948
0.045088
0.055166
0.050310
0.049685
0.047005
0.043967
0.045067
0.044094
0.042308
0.041161
0.041382
0.034495
0.034767
0.040574
0.039033
0.040258
0.032025
0.033223
0.031326
0.032720
0.035446
0.030391
0.025565
0.026291
0.022224
0.025469
0.026250
0.033670
0.026355
0.023195
0.022787
0.022820
0.019721
0.022303
0.022878
0.021854
0.019794
0.018436
0.016482
0.015336
0.013323
0.014103
0.014133
0.013985
0.016662
0.015405
0.021635
0.026553
0.020539
0.017314
0.016999
0.014323
0.014417
0.014763
0.017052
0.018715
0.015388
0.012980
0.010815
0.009617
0.009195
0.015510
0.016017
0.007822
0.007532
0.006699
0.006195
0.005369
0.005101
0.004738
0.005952
0.002675
0.003540
0.004293
0.002514
0.003231
0.005319
0.010271
0.008844
0.013097
0.015185
0.012103
0.016696
0.005666
0.015949
0.012892
0.014519
0.013547
0.011018
0.009973
0.011264
0.006429
0.004977
0.004159
0.004695
0.004939
0.007575
0.007174
0.006270
0.009840
0.006495
0.007564
0.003913
0.004082
0.005573
0.003194
0.003772
0.005755
0.009319
0.016481
0.007256
0.014636
0.009316
0.009213
0.005027
0.004634
0.004994
0.005440
0.003294
0.003278
0.003573
0.003191
0.004513
0.003895
0.004878
0.004413
0.004528
0.003720
0.006194
0.002861
0.003364
0.003917
