0.107580
0.063644
0.062987
0.062751
0.062159
0.060968
0.060385
0.059370
0.059216
0.058977
0.058128
0.060458
0.058408
0.060730
0.060128
0.055467
0.054109
0.051919
0.050607
0.050945
0.050985
0.055327
0.049684
0.047573
0.047157
0.045902
0.045211
0.042318
0.049806
0.050239
0.052518
0.040176
0.040320
0.039461
0.033774
0.034516
0.045480
0.030125
0.030007
0.026032
0.023509
0.027078
0.024080
0.029109
0.025099
0.023426
0.021962
0.021974
0.018158
0.016389
0.018997
0.015158
0.017236
0.012878
0.015599
0.019316
0.022610
0.020091
0.019179
0.018501
0.014873
0.015342
0.014102
0.010762
0.012424
0.011879
0.011155
0.010687
0.008958
0.007860
0.009759
0.010068
0.008640
0.008327
0.011317
0.008027
0.008710
0.005358
0.005416
0.007393
0.005832
0.008751
0.026282
0.021543
0.010243
0.007490
0.007762
0.007045
0.009008
0.006176
0.006169
0.029465
0.021111
0.018902
0.017339
0.010213
0.006693
0.005746
0.006133
0.005827
0.004658
0.003369
0.004489
0.003183
0.004591
0.003864
0.003503
0.006999
0.004421
0.003276
0.001913
0.004106
0.002265
0.001563
0.001727
0.001023
0.002109
0.002759
0.000872
0.002866
0.002113
0.000994
0.001443
0.001344
0.003012
0.001751
0.005253
0.008536
0.007746
0.004243
0.004840
0.003678
0.003223
0.002459
0.002550
0.004800
0.006166
0.002805
0.006965
0.005336
0.003502
0.002633
0.000699
0.001678
0.001558
0.000703
0.000673
0.000596
0.000633
0.000711
