0.072392
0.062846
0.061722
0.060688
0.061679
0.058644
0.057429
0.055735
0.059291
0.053673
0.055787
0.055443
0.057359
0.055103
0.054092
0.051582
0.054547
0.051493
0.053210
0.051533
0.049701
0.049294
0.052123
0.049793
0.049736
0.051855
0.047800
0.050743
0.051247
0.047373
0.051212
0.049013
0.046526
0.043508
0.035319
0.043245
0.039240
0.034722
0.031638
0.033465
0.029614
0.029579
0.025262
0.023812
0.026685
0.025274
0.024561
0.024382
0.025698
0.021146
0.022357
0.020769
0.021309
0.022448
0.021568
0.028986
0.041759
0.037375
0.030785
0.026874
0.023755
0.018585
0.016326
0.015529
0.015545
0.013295
0.015117
0.014536
0.012378
0.011774
0.009694
0.009037
0.007061
0.011025
0.017032
0.022091
0.014329
0.011373
0.008239
0.010385
0.009117
0.005671
0.004740
0.003265
0.007778
0.005217
0.005003
0.004236
0.004442
0.004121
0.010113
0.010152
0.010525
0.008721
0.008523
0.012494
0.012537
0.007868
0.007427
0.005966
0.012232
0.007361
0.007505
0.005316
0.003789
0.004777
0.003222
0.003667
0.002989
0.001140
0.001402
0.001270
0.001401
0.002605
0.004225
0.007856
0.016295
0.008202
0.010027
0.008775
0.006154
0.006888
0.004987
0.003502
0.004270
0.003831
0.005102
0.005159
0.004123
0.003324
0.006217
0.006855
0.007551
0.011309
0.004346
0.004642
0.002886
0.002535
0.001594
0.000953
0.000781
0.000806
0.000632
0.000841
0.000822
0.000464
0.000429
0.000661
0.001120
0.000397
