0.128363
0.063085
0.062948
0.062712
0.062440
0.061555
0.061272
0.057989
0.058364
0.060470
0.056140
0.057049
0.056327
0.057025
0.056613
0.056387
0.059445
0.054772
0.055932
0.055000
0.055698
0.055124
0.055154
0.054077
0.054939
0.054703
0.056288
0.054186
0.053897
0.057171
0.054375
0.058484
0.055435
0.053381
0.055693
0.054358
0.050820
0.050729
0.052760
0.051344
0.053477
0.050765
0.049670
0.049225
0.049685
0.049571
0.052006
0.050504
0.049894
0.052293
0.051521
0.047777
0.048606
0.050465
0.043072
0.048494
0.039613
0.043535
0.046932
0.047250
0.044235
0.052608
0.046274
0.044831
0.037935
0.037964
0.036199
0.043316
0.061153
0.045179
0.041082
0.036288
0.034530
0.033619
0.034871
0.035623
0.030574
0.032048
0.029550
0.032095
0.028669
0.031498
0.030517
0.034692
0.033787
0.032613
0.029751
0.039542
0.031528
0.028718
0.030599
0.030441
0.032081
0.025234
0.029696
0.026791
0.024469
0.022191
0.025834
0.029244
0.023594
0.022949
0.024594
0.030134
0.027884
0.028212
0.029152
0.029045
0.025904
0.031134
0.025541
0.028553
0.019861
0.017672
0.016256
0.015299
0.015571
0.018978
0.016298
0.016352
0.013465
0.011455
0.013430
0.014984
0.017186
0.030413
0.026459
0.016316
0.011695
0.013791
0.014204
0.012175
0.014800
0.017594
0.012885
0.012904
0.013506
0.010753
0.011988
0.013007
0.012963
0.008857
0.007281
0.007611
0.010172
0.006364
0.006519
0.004523
0.005224
0.006682
