0.232865
0.081038
0.077186
0.075010
0.075675
0.071065
0.071207
0.071920
0.071583
0.066997
0.069380
0.068562
0.067325
0.065374
0.063249
0.065357
0.059808
0.057670
0.058240
0.059428
0.057097
0.062812
0.054111
0.054936
0.054450
0.053399
0.052496
0.052715
0.057120
0.054383
0.051681
0.054109
0.052827
0.049677
0.055338
0.051872
0.050287
0.048240
0.045727
0.046828
0.049197
0.049935
0.048011
0.045910
0.046881
0.048274
0.043272
0.044403
0.049359
0.045611
0.042690
0.043050
0.042579
0.044698
0.044034
0.046376
0.042931
0.045072
0.044078
0.042242
0.045185
0.040806
0.044980
0.040289
0.042041
0.039510
0.041836
0.043246
0.043864
0.042128
0.042434
0.042592
0.042720
0.043970
0.041646
0.042107
0.042616
0.041874
0.042325
0.040789
0.041785
0.039822
0.039816
0.040838
0.038797
0.041022
0.038894
0.037301
0.044026
0.041778
0.042128
0.040012
0.039662
0.040214
0.041633
0.038197
0.041672
0.040873
0.034883
0.039643
0.039903
0.036143
0.036756
0.037158
0.041380
0.038714
0.037010
0.039322
0.037784
0.040011
0.038891
0.041583
0.042213
0.038255
0.038948
0.037448
0.040417
0.041304
0.036756
0.037269
0.036568
0.038534
0.037789
0.037921
0.037357
0.037215
0.037954
0.036570
0.035220
0.037393
0.037711
0.031876
0.027659
0.036994
0.029917
0.027906
0.031874
0.025989
0.027146
0.029062
0.027246
0.029756
0.029948
0.025162
0.023850
0.023138
0.021664
0.023033
0.024040
0.024685
