0.199526
0.078594
0.074329
0.072251
0.073380
0.068274
0.069904
0.067046
0.065073
0.066212
0.066977
0.064414
0.066583
0.064275
0.063196
0.062913
0.061554
0.063856
0.063113
0.065066
0.062926
0.063810
0.062472
0.062556
0.062573
0.063008
0.061998
0.059717
0.062878
0.063540
0.063764
0.063142
0.063025
0.062494
0.062016
0.060480
0.058797
0.059660
0.060869
0.059483
0.058915
0.061977
0.060990
0.060194
0.058950
0.061049
0.058720
0.058227
0.060735
0.060435
0.060489
0.056624
0.060865
0.058288
0.061395
0.058747
0.060761
0.061880
0.056651
0.062244
0.057831
0.060188
0.055183
0.058547
0.055499
0.054555
0.057088
0.057943
0.055667
0.057984
0.055201
0.056248
0.055265
0.056905
0.059003
0.054532
0.059516
0.059789
0.057457
0.056785
0.057059
0.058697
0.055560
0.060049
0.062981
0.060491
0.063088
0.066033
0.062503
0.061936
0.060680
0.061575
0.062227
0.060437
0.058902
0.057830
0.060520
0.058966
0.058839
0.059281
0.058765
0.060741
0.059423
0.059327
0.060776
0.057817
0.057848
0.056385
0.054826
0.058096
0.057771
0.055007
0.056227
0.056271
0.053038
0.054427
0.056021
0.054313
0.056038
0.056446
0.053432
0.051453
0.052974
0.050810
0.053595
0.054704
0.053062
0.052529
0.051601
0.055336
0.051107
0.053536
0.051762
0.052816
0.050978
0.050761
0.048718
0.052870
0.052897
0.052310
0.054264
0.050913
0.054944
0.049379
0.049569
0.048544
0.051980
0.049392
0.049092
0.050501
