0.098690
0.073427
0.071670
0.071670
0.071670
0.071670
0.071670
0.071670
0.071670
0.071670
0.071670
0.071670
0.071670
0.071670
0.071670
0.071828
0.071670
0.070254
0.069904
0.065603
0.079883
0.071670
0.071670
0.071670
0.071670
0.071670
0.071670
0.071670
0.071670
0.071670
0.071670
0.071670
0.071670
0.071670
0.071670
0.071670
0.071670
0.071670
0.071670
0.071670
0.071670
0.071670
0.071670
0.071670
0.071670
0.071670
0.071670
0.071670
0.071670
0.071670
0.071670
0.071670
0.071670
0.071670
0.071670
0.071670
0.071670
0.071670
0.071670
0.071670
0.071670
0.071670
0.071670
0.071670
0.071670
0.071670
0.071670
0.071670
0.071670
0.071670
0.071670
0.071670
0.071670
0.071670
0.071670
0.071670
0.071670
0.071670
0.071670
0.071670
0.071670
0.071670
0.071670
0.071670
0.071670
0.071670
0.071670
0.071670
0.071670
0.071670
0.077934
0.071450
0.066298
0.066570
0.058919
0.066244
0.066059
0.063273
0.061273
0.067434
0.064522
0.065423
0.060672
0.063790
0.062990
0.063701
0.063098
0.061529
0.061515
0.059229
0.060905
0.058246
0.057451
0.054403
0.052931
0.055830
0.052412
0.054050
0.052228
0.049460
0.053648
0.052843
0.048308
0.048035
0.048530
0.046339
0.047032
0.047598
0.048102
0.045441
0.047280
0.046245
0.045850
0.044499
0.048330
0.041550
0.046869
0.040405
0.045211
0.041598
0.047839
0.043179
0.042995
0.044082
0.044004
0.042637
0.040433
0.042206
0.041473
0.039964
