0.082971
0.069873
0.071810
0.068954
0.065097
0.067617
0.061630
0.063244
0.062516
0.064550
0.060130
0.058278
0.057929
0.061542
0.061094
0.059325
0.061105
0.060471
0.060357
0.059119
0.055898
0.059891
0.058535
0.058945
0.058668
0.059687
0.056113
0.058287
0.056295
0.056348
0.056391
0.054031
0.056395
0.057666
0.054312
0.055778
0.055061
0.053099
0.053886
0.053331
0.055198
0.053513
0.053031
0.051913
0.052136
0.054540
0.055415
0.053001
0.054502
0.055412
0.053377
0.050644
0.049380
0.053340
0.047427
0.049408
0.051086
0.051545
0.051245
0.052813
0.050446
0.050202
0.052750
0.055254
0.051992
0.048088
0.049418
0.048425
0.051479
0.055515
0.056503
0.055004
0.054892
0.061088
0.065514
0.059318
0.057727
0.057845
0.052885
0.051617
0.056938
0.050503
0.052381
0.054151
0.047797
0.048528
0.049568
0.045949
0.048048
0.049069
0.044938
0.047203
0.046159
0.050336
0.051002
0.046422
0.044792
0.051392
0.049957
0.045125
0.041373
0.043612
0.046810
0.048259
0.052851
0.047998
0.044959
0.046436
0.048728
0.046342
0.041078
0.043683
0.041498
0.041423
0.041453
0.038751
0.037127
0.039122
0.039453
0.039184
0.041969
0.038070
0.045403
0.037816
0.043690
0.039584
0.039926
0.029154
0.031110
0.032502
0.035090
0.033082
0.041536
0.044487
0.042147
0.041745
0.029385
0.035707
0.032077
0.032928
0.039167
0.028689
0.023501
0.025630
0.016962
0.011975
0.014113
0.021752
0.022227
0.015403
