0.133136
0.133805
0.143206
0.106103
0.100633
0.085399
0.076885
0.080509
0.070942
0.070251
0.075579
0.071157
0.067169
0.065890
0.061705
0.058820
0.065174
0.065938
0.064534
0.067897
0.059049
0.063408
0.054899
0.053568
0.058409
0.054231
0.055858
0.051671
0.047829
0.041727
0.047658
0.047847
0.044231
0.047612
0.046381
0.041012
0.039434
0.039493
0.041666
0.039419
0.040396
0.037053
0.036146
0.035943
0.036614
0.035906
0.033927
0.031557
0.037043
0.031900
0.030549
0.033712
0.033848
0.031982
0.034248
0.027775
0.030034
0.028384
0.033015
0.031735
0.031166
0.025737
0.027418
0.027494
0.027133
0.025661
0.026667
0.023756
0.028549
0.023485
0.025187
0.022669
0.023884
0.024196
0.025670
0.020731
0.020838
0.020250
0.020389
0.021392
0.021323
0.019303
0.022350
0.020179
0.019379
0.020110
0.022351
0.017122
0.016466
0.030373
0.020026
0.020075
0.011814
0.016310
0.015048
0.010811
0.025863
0.010833
0.008421
0.008017
0.012048
0.006172
0.009266
0.004815
0.003963
0.004974
0.004407
0.007044
0.005262
0.006001
0.006105
0.003248
0.010404
0.004971
0.005142
0.005110
0.012673
0.001123
0.004476
0.005810
0.004127
0.004510
0.003207
0.002233
0.001455
0.002737
0.002349
0.000821
0.002624
0.002392
0.001890
0.001534
0.001214
0.002131
0.001427
0.000913
0.001117
0.000718
0.001127
0.000470
0.000582
0.000491
0.000486
0.000629
0.000679
0.000508
0.000465
0.000426
0.000312
0.000504
