0.128506
0.111747
0.076048
0.075319
0.072014
0.070425
0.067404
0.067578
0.066901
0.066153
0.061955
0.065593
0.061675
0.063628
0.062964
0.060126
0.059184
0.061124
0.063260
0.056880
0.056668
0.058728
0.056671
0.054442
0.061635
0.053769
0.058129
0.059240
0.055031
0.059248
0.056937
0.053032
0.055136
0.056795
0.054711
0.053797
0.053313
0.051471
0.049552
0.052419
0.051071
0.054386
0.052011
0.050236
0.053055
0.051950
0.050339
0.048622
0.050562
0.050116
0.049636
0.049528
0.050356
0.048437
0.047204
0.048954
0.049939
0.048166
0.047918
0.050909
0.051077
0.049139
0.047311
0.051977
0.049468
0.046411
0.050145
0.051191
0.050906
0.048935
0.049100
0.048813
0.048847
0.047205
0.050532
0.047022
0.047757
0.046028
0.050451
0.048774
0.049159
0.048630
0.049449
0.046811
0.051155
0.050564
0.049428
0.048567
0.045148
0.050327
0.047856
0.048671
0.048564
0.048545
0.048534
0.049405
0.051162
0.049404
0.050273
0.049413
0.049413
0.048539
0.047710
0.046851
0.047134
0.049673
0.044687
0.045898
0.044933
0.048419
0.047095
0.042405
0.046157
0.050023
0.050762
0.043665
0.042458
0.046386
0.044161
0.042644
0.046701
0.045151
0.045544
0.043981
0.043171
0.057445
0.060544
0.046188
0.056086
0.046778
0.047365
0.042492
0.043638
0.045035
0.048381
0.043711
0.040842
0.044869
0.045269
0.041728
0.042771
0.037284
0.040877
0.041503
0.041895
0.043540
0.042443
0.038092
0.043142
0.040738
