0.145000
0.170000
0.155000
0.155000
0.155000
0.155000
0.155000
0.155000
0.155000
0.155000
0.155000
0.155000
0.155000
0.155000
0.155000
0.155000
0.155000
0.155000
0.155000
0.160000
0.160000
0.160000
0.160000
0.165000
0.170000
0.180000
0.185000
0.215000
0.260000
0.285000
0.290000
0.320000
0.345000
0.335000
0.340000
0.360000
0.370000
0.395000
0.410000
0.405000
0.430000
0.455000
0.475000
0.435000
0.485000
0.450000
0.440000
0.350000
0.365000
0.375000
0.365000
0.350000
0.310000
0.355000
0.375000
0.370000
0.375000
0.405000
0.410000
0.380000
0.435000
0.460000
0.490000
0.445000
0.450000
0.475000
0.435000
0.535000
0.505000
0.490000
0.545000
0.540000
0.560000
0.560000
0.600000
0.575000
0.630000
0.615000
0.635000
0.665000
0.635000
0.645000
0.680000
0.710000
0.730000
0.715000
0.715000
0.725000
0.725000
0.750000
0.695000
0.760000
0.760000
0.720000
0.785000
0.760000
0.785000
0.785000
0.805000
0.780000
0.765000
0.785000
0.710000
0.775000
0.800000
0.775000
0.800000
0.810000
0.855000
0.845000
0.835000
0.840000
0.885000
0.895000
0.860000
0.855000
0.855000
0.875000
0.880000
0.895000
0.895000
0.900000
0.915000
0.890000
0.900000
0.925000
0.915000
0.900000
0.870000
0.890000
0.910000
0.865000
0.875000
0.900000
0.850000
0.850000
0.815000
0.865000
0.880000
0.910000
0.940000
0.905000
0.890000
0.885000
0.905000
0.845000
0.875000
0.840000
0.920000
0.915000
