0.160000
0.170000
0.160000
0.170000
0.175000
0.185000
0.185000
0.200000
0.205000
0.210000
0.195000
0.235000
0.265000
0.260000
0.245000
0.265000
0.290000
0.270000
0.270000
0.275000
0.275000
0.295000
0.305000
0.305000
0.295000
0.295000
0.265000
0.295000
0.325000
0.360000
0.365000
0.380000
0.375000
0.405000
0.385000
0.410000
0.400000
0.400000
0.325000
0.380000
0.360000
0.280000
0.325000
0.345000
0.335000
0.365000
0.405000
0.370000
0.445000
0.455000
0.470000
0.490000
0.515000
0.570000
0.540000
0.575000
0.590000
0.595000
0.575000
0.570000
0.605000
0.610000
0.600000
0.615000
0.590000
0.565000
0.575000
0.575000
0.615000
0.590000
0.615000
0.620000
0.625000
0.595000
0.645000
0.640000
0.680000
0.695000
0.725000
0.725000
0.725000
0.770000
0.745000
0.705000
0.640000
0.650000
0.705000
0.750000
0.745000
0.740000
0.710000
0.760000
0.730000
0.770000
0.785000
0.785000
0.780000
0.780000
0.775000
0.790000
0.790000
0.765000
0.795000
0.795000
0.805000
0.795000
0.795000
0.800000
0.800000
0.805000
0.800000
0.800000
0.805000
0.810000
0.805000
0.810000
0.805000
0.810000
0.810000
0.810000
0.805000
0.810000
0.810000
0.810000
0.810000
0.810000
0.810000
0.810000
0.810000
0.810000
0.810000
0.810000
0.810000
0.805000
0.785000
0.770000
0.790000
0.800000
0.805000
0.810000
0.810000
0.810000
0.815000
0.815000
0.800000
0.810000
0.815000
0.810000
0.815000
0.815000
