0.195000
0.160000
0.170000
0.170000
0.170000
0.170000
0.170000
0.170000
0.170000
0.170000
0.170000
0.170000
0.170000
0.170000
0.170000
0.170000
0.170000
0.225000
0.210000
0.255000
0.190000
0.205000
0.280000
0.290000
0.275000
0.280000
0.300000
0.300000
0.305000
0.300000
0.295000
0.300000
0.315000
0.295000
0.295000
0.290000
0.285000
0.295000
0.295000
0.295000
0.310000
0.295000
0.290000
0.300000
0.295000
0.305000
0.295000
0.295000
0.295000
0.305000
0.300000
0.305000
0.300000
0.305000
0.310000
0.305000
0.310000
0.310000
0.310000
0.310000
0.305000
0.310000
0.310000
0.300000
0.305000
0.305000
0.305000
0.300000
0.305000
0.300000
0.310000
0.310000
0.305000
0.305000
0.305000
0.300000
0.310000
0.310000
0.310000
0.310000
0.310000
0.310000
0.310000
0.315000
0.315000
0.310000
0.315000
0.315000
0.315000
0.320000
0.320000
0.325000
0.325000
0.325000
0.325000
0.330000
0.330000
0.335000
0.335000
0.335000
0.335000
0.335000
0.335000
0.340000
0.345000
0.360000
0.395000
0.420000
0.440000
0.435000
0.430000
0.440000
0.440000
0.455000
0.460000
0.470000
0.530000
0.505000
0.505000
0.535000
0.560000
0.520000
0.540000
0.565000
0.565000
0.555000
0.575000
0.570000
0.570000
0.570000
0.580000
0.605000
0.610000
0.625000
0.565000
0.515000
0.605000
0.595000
0.620000
0.615000
0.630000
0.640000
0.620000
0.630000
0.650000
0.665000
0.645000
0.660000
0.635000
0.660000
