0.272203
0.069919
0.062947
0.062090
0.062560
0.062247
0.061546
0.061974
0.061349
0.061622
0.061894
0.060064
0.060847
0.060841
0.060258
0.060482
0.059744
0.059398
0.058478
0.059707
0.059475
0.059563
0.058847
0.057241
0.058250
0.058774
0.060413
0.058621
0.058114
0.057168
0.057195
0.056996
0.053293
0.052704
0.052326
0.049770
0.052278
0.052602
0.057652
0.056150
0.058090
0.059559
0.057975
0.055924
0.055968
0.056001
0.052434
0.053001
0.046222
0.046610
0.046398
0.043505
0.041019
0.038360
0.039427
0.038040
0.037739
0.038838
0.038341
0.037681
0.035380
0.034809
0.034610
0.033205
0.039365
0.043588
0.042116
0.039424
0.035737
0.037056
0.033066
0.033785
0.030429
0.032792
0.029404
0.028866
0.029233
0.025037
0.026350
0.023269
0.022798
0.024070
0.022044
0.028292
0.037882
0.038911
0.029475
0.027737
0.023512
0.024254
0.024678
0.022475
0.020304
0.021980
0.019937
0.019915
0.019005
0.019028
0.017736
0.018002
0.019977
0.019068
0.015474
0.016519
0.016228
0.016650
0.014372
0.014439
0.016172
0.013459
0.014379
0.015567
0.015243
0.016122
0.016337
0.016017
0.013761
0.012535
0.013489
0.012249
0.016942
0.012564
0.013965
0.013666
0.012990
0.012198
0.013852
0.012961
0.014155
0.013849
0.013614
0.015398
0.011843
0.016292
0.016228
0.018510
0.018669
0.013665
0.014802
0.013791
0.013902
0.012391
0.012460
0.013029
0.014675
0.014534
0.012783
0.014006
0.012735
0.012379
