0.322169
0.070624
0.062673
0.062712
0.062712
0.062712
0.062712
0.062712
0.062712
0.062712
0.062712
0.062712
0.062712
0.062712
0.062712
0.062712
0.062712
0.062712
0.062712
0.062595
0.062595
0.062595
0.062595
0.062478
0.062361
0.062127
0.061699
0.062386
0.057579
0.058115
0.056677
0.056917
0.055234
0.055185
0.054929
0.053990
0.053370
0.054271
0.052750
0.053196
0.052878
0.050618
0.048319
0.051983
0.050008
0.047727
0.048979
0.052763
0.054188
0.052232
0.051793
0.053863
0.055333
0.053103
0.054480
0.052950
0.054312
0.052343
0.051585
0.051084
0.049817
0.048979
0.047925
0.047623
0.047071
0.043700
0.046096
0.044910
0.047622
0.048093
0.042674
0.040253
0.044656
0.039667
0.039689
0.036822
0.035460
0.041531
0.034759
0.037184
0.033962
0.033839
0.032914
0.031731
0.031683
0.028666
0.029293
0.028037
0.027105
0.031783
0.030231
0.030047
0.027800
0.028836
0.025536
0.027343
0.027749
0.026418
0.025948
0.023622
0.026650
0.031023
0.028968
0.028838
0.026307
0.024831
0.025618
0.021420
0.022848
0.019700
0.021768
0.020804
0.018472
0.018956
0.017916
0.020849
0.019265
0.018311
0.017802
0.016702
0.018398
0.018469
0.016161
0.020076
0.016303
0.014850
0.016452
0.015864
0.015171
0.016831
0.017026
0.015655
0.015713
0.018012
0.018541
0.017532
0.021047
0.017451
0.016769
0.017414
0.012393
0.013132
0.019452
0.019041
0.017237
0.016849
0.017410
0.016642
0.013092
0.013503
