0.136483
0.062790
0.062712
0.062712
0.062712
0.062712
0.062712
0.062712
0.062712
0.062712
0.062712
0.062712
0.062712
0.062712
0.062712
0.062712
0.062712
0.061491
0.060850
0.060014
0.062079
0.060631
0.059401
0.058358
0.058648
0.057975
0.057438
0.056611
0.055589
0.056077
0.054867
0.056862
0.057871
0.056137
0.056568
0.056106
0.057463
0.056896
0.055194
0.055254
0.055161
0.056828
0.055393
0.055823
0.054002
0.054526
0.056320
0.054417
0.055338
0.055027
0.055963
0.055251
0.053367
0.055809
0.054811
0.054078
0.054817
0.054789
0.052899
0.054379
0.053823
0.054300
0.054408
0.053977
0.052897
0.053836
0.052860
0.049852
0.050969
0.049030
0.049085
0.048250
0.047989
0.047745
0.044295
0.046623
0.043231
0.046285
0.040880
0.045823
0.042286
0.044813
0.044134
0.045329
0.044913
0.045377
0.043519
0.043107
0.044623
0.043008
0.044126
0.041930
0.044168
0.044942
0.044612
0.042125
0.043427
0.043210
0.044108
0.043291
0.043709
0.042340
0.043209
0.042674
0.043943
0.041501
0.043115
0.041053
0.039246
0.041465
0.038960
0.040630
0.038702
0.039069
0.037273
0.038061
0.038987
0.039268
0.038951
0.037956
0.037430
0.037532
0.034162
0.034387
0.033934
0.035918
0.035831
0.031146
0.032369
0.033331
0.033615
0.030586
0.033261
0.030696
0.034009
0.035765
0.033427
0.032754
0.033619
0.032038
0.030746
0.030035
0.035093
0.031063
0.029540
0.028719
0.029263
0.026401
0.029239
0.025918
