0.182151
0.062951
0.062795
0.062795
0.062673
0.062712
0.062712
0.062712
0.062712
0.062712
0.062712
0.062712
0.062712
0.062712
0.062712
0.062712
0.062712
0.062712
0.062712
0.062712
0.062595
0.060758
0.059427
0.057653
0.058274
0.056814
0.058129
0.058269
0.057695
0.058311
0.057516
0.056058
0.055816
0.054568
0.054857
0.057742
0.059550
0.057166
0.057216
0.057451
0.055560
0.057028
0.057223
0.057347
0.056475
0.055652
0.056683
0.056816
0.057228
0.055973
0.055538
0.055666
0.054441
0.056147
0.056024
0.055293
0.054824
0.055014
0.055119
0.055282
0.053850
0.055622
0.055180
0.054628
0.055791
0.056171
0.053933
0.055782
0.053616
0.054037
0.054764
0.054551
0.055489
0.055650
0.052710
0.055151
0.055113
0.055027
0.053012
0.055014
0.052216
0.053669
0.053501
0.050759
0.053776
0.053334
0.051451
0.054090
0.052132
0.052105
0.053634
0.052276
0.050936
0.051822
0.051353
0.052592
0.049824
0.050591
0.050537
0.050089
0.051537
0.051221
0.053131
0.054270
0.055365
0.061235
0.060003
0.060705
0.060287
0.059548
0.058535
0.058299
0.054132
0.054371
0.053084
0.052925
0.052848
0.052674
0.054843
0.053372
0.051541
0.051895
0.051389
0.048932
0.046513
0.043057
0.042436
0.041304
0.043099
0.041939
0.039753
0.039450
0.037096
0.037567
0.035958
0.039540
0.037866
0.035789
0.038971
0.039719
0.035842
0.035373
0.031981
0.030701
0.033188
0.034746
0.049177
0.050646
0.042293
0.043173
