0.091039
0.062912
0.062830
0.062751
0.062595
0.062595
0.063717
0.062713
0.062752
0.062791
0.062791
0.062091
0.062367
0.061742
0.061584
0.061774
0.061234
0.060688
0.060920
0.060010
0.060589
0.060431
0.060987
0.059625
0.060993
0.062010
0.061387
0.061498
0.060949
0.060515
0.059981
0.060061
0.060291
0.059575
0.059744
0.059900
0.058039
0.067269
0.061919
0.061710
0.061368
0.064106
0.061927
0.062237
0.062081
0.062198
0.062198
0.062348
0.061693
0.062044
0.062005
0.061654
0.061847
0.061847
0.061770
0.061298
0.060908
0.060356
0.060940
0.061368
0.061175
0.060365
0.061011
0.060900
0.061312
0.057474
0.056259
0.056431
0.056408
0.056756
0.055287
0.055318
0.055948
0.055355
0.054429
0.054938
0.054003
0.055261
0.055624
0.053715
0.052377
0.052455
0.053287
0.051804
0.054231
0.050532
0.052457
0.049307
0.049676
0.049476
0.050806
0.050332
0.046079
0.047791
0.047089
0.049808
0.049981
0.049814
0.050119
0.048749
0.049499
0.048201
0.046864
0.046398
0.051273
0.050572
0.049629
0.049734
0.049401
0.046309
0.048566
0.048776
0.045388
0.045519
0.047021
0.044396
0.044096
0.044329
0.043865
0.045677
0.045397
0.044617
0.047950
0.044875
0.043950
0.043583
0.042970
0.044225
0.042595
0.044109
0.042876
0.042198
0.041304
0.042592
0.042643
0.044953
0.051554
0.050008
0.050165
0.047275
0.047201
0.047201
0.047103
0.043709
0.042824
0.041350
0.041686
0.042061
0.041385
0.036984
