0.176832
0.063413
0.062791
0.062790
0.062790
0.062751
0.062831
0.062556
0.062556
0.062517
0.062478
0.062517
0.061891
0.061894
0.061934
0.061151
0.061069
0.061302
0.060282
0.060320
0.059997
0.059084
0.077035
0.059351
0.057847
0.057280
0.058231
0.056861
0.056817
0.056867
0.056078
0.056633
0.055603
0.055466
0.055490
0.054811
0.055833
0.055802
0.055715
0.055164
0.055121
0.054676
0.054009
0.056187
0.054765
0.056228
0.056205
0.055556
0.055729
0.054177
0.054194
0.052893
0.055607
0.056972
0.055829
0.055045
0.054056
0.054038
0.055433
0.054068
0.051414
0.054520
0.052152
0.054099
0.054306
0.052352
0.051947
0.051109
0.049183
0.048281
0.049405
0.049672
0.047234
0.048684
0.046115
0.048756
0.047506
0.050895
0.052093
0.050644
0.051808
0.050779
0.050731
0.047934
0.048553
0.047609
0.047577
0.044673
0.045282
0.042659
0.042889
0.044333
0.041999
0.041975
0.040625
0.041702
0.040781
0.040721
0.044368
0.044359
0.042688
0.041208
0.038772
0.039407
0.038206
0.035962
0.037931
0.037615
0.034432
0.036032
0.035918
0.035311
0.034295
0.037720
0.032964
0.035793
0.033299
0.032867
0.031107
0.029322
0.034330
0.033632
0.031393
0.032416
0.033033
0.030862
0.031239
0.029476
0.030294
0.028382
0.031048
0.027809
0.026562
0.026234
0.028123
0.030337
0.026110
0.025630
0.024915
0.025967
0.026093
0.024846
0.023652
0.026867
0.026585
0.026666
0.024913
0.024155
0.025240
0.023630
