0.148272
0.071093
0.071670
0.071670
0.071670
0.071670
0.071670
0.071670
0.071670
0.071670
0.072108
0.071828
0.071153
0.071670
0.071670
0.070371
0.069235
0.087402
0.070406
0.071670
0.071670
0.071670
0.071670
0.071670
0.071670
0.071670
0.071670
0.071670
0.071670
0.071670
0.071670
0.071670
0.071670
0.071670
0.071670
0.071670
0.071670
0.071670
0.071670
0.071670
0.071670
0.071670
0.071670
0.071670
0.071203
0.070184
0.069119
0.066604
0.066924
0.065767
0.065037
0.066529
0.067411
0.066077
0.064561
0.061684
0.068901
0.063903
0.062844
0.064230
0.064909
0.062204
0.060994
0.062571
0.062187
0.062713
0.061188
0.063124
0.062528
0.062162
0.061456
0.060080
0.059704
0.061344
0.062588
0.060324
0.060295
0.058818
0.062234
0.060773
0.060164
0.061404
0.061512
0.060463
0.061447
0.059553
0.061426
0.061221
0.058634
0.061304
0.061159
0.060685
0.059343
0.061032
0.061124
0.060270
0.062896
0.061256
0.061040
0.060992
0.064646
0.062778
0.062021
0.061373
0.059480
0.061367
0.062262
0.060827
0.059243
0.061865
0.061867
0.059460
0.059522
0.059377
0.060158
0.058394
0.058370
0.061844
0.059242
0.060196
0.060991
0.061008
0.061899
0.060107
0.058397
0.060120
0.060510
0.063950
0.059270
0.059652
0.060510
0.059080
0.060533
0.060523
0.060525
0.058404
0.059640
0.059040
0.062412
0.058702
0.060757
0.057023
0.061381
0.058178
0.059983
0.060554
0.059895
0.056780
0.059216
0.058286
