0.163523
0.074910
0.077771
0.074207
0.071828
0.071670
0.071670
0.071670
0.071670
0.071670
0.071670
0.071670
0.071670
0.071670
0.071670
0.071670
0.071670
0.071670
0.071670
0.071670
0.071670
0.071670
0.071670
0.071670
0.071670
0.071670
0.071670
0.071670
0.071670
0.071670
0.071670
0.071670
0.071670
0.071670
0.071670
0.071670
0.071670
0.071670
0.071670
0.071670
0.071670
0.071670
0.071670
0.071670
0.071670
0.071950
0.071670
0.071670
0.071670
0.071670
0.071670
0.071670
0.070839
0.071119
0.070223
0.075019
0.071670
0.071670
0.071670
0.071670
0.071670
0.071670
0.071670
0.071670
0.071670
0.071670
0.071670
0.071670
0.071670
0.071670
0.071670
0.071670
0.071670
0.071670
0.071670
0.071670
0.071670
0.071670
0.071670
0.071670
0.071670
0.071670
0.071670
0.071670
0.071670
0.071670
0.071670
0.073878
0.074050
0.071828
0.074362
0.072109
0.073531
0.071828
0.074362
0.072371
0.072042
0.071203
0.071640
0.069163
0.070517
0.071203
0.071203
0.069632
0.066975
0.073423
0.067962
0.071883
0.073563
0.071154
0.070254
0.069166
0.068120
0.062389
0.071380
0.067359
0.065533
0.066648
0.067487
0.069738
0.068425
0.070735
0.068333
0.069435
0.067683
0.068742
0.067855
0.064982
0.063316
0.062089
0.064782
0.064591
0.061529
0.072004
0.064200
0.065964
0.063874
0.065417
0.068531
0.060695
0.059879
0.062275
0.062620
0.056318
0.058003
0.061346
0.057597
0.056823
0.058051
0.054882
