0.333270
0.100044
0.071950
0.071950
0.075493
0.073157
0.072760
0.070189
0.069749
0.067049
0.069079
0.068785
0.068197
0.070403
0.066476
0.067412
0.067861
0.069208
0.066514
0.064168
0.064521
0.064842
0.058898
0.059323
0.056735
0.056895
0.056478
0.060120
0.056625
0.054882
0.056008
0.057457
0.053779
0.054217
0.056327
0.055270
0.057001
0.053630
0.054256
0.051940
0.053622
0.054061
0.051928
0.054271
0.053798
0.053830
0.053310
0.052941
0.051278
0.051531
0.052462
0.053198
0.051401
0.050938
0.051741
0.053628
0.054746
0.053581
0.051128
0.052399
0.051029
0.053224
0.053829
0.051531
0.051573
0.048722
0.050861
0.052177
0.050655
0.047657
0.048789
0.048711
0.047565
0.048583
0.048623
0.046212
0.047684
0.048140
0.048645
0.047690
0.050651
0.048194
0.048681
0.045344
0.047270
0.044540
0.044394
0.045732
0.049505
0.047196
0.048577
0.047847
0.047451
0.046481
0.048313
0.047751
0.045227
0.045793
0.045920
0.047626
0.045278
0.044332
0.047529
0.046642
0.049072
0.045730
0.045616
0.047342
0.047576
0.050255
0.045786
0.048222
0.045725
0.049184
0.046486
0.044955
0.045825
0.045596
0.045561
0.045818
0.048113
0.046384
0.044671
0.048133
0.042901
0.046847
0.048865
0.048024
0.046734
0.050455
0.046896
0.086913
0.056489
0.068902
0.069971
0.067063
0.065951
0.066673
0.064229
0.065667
0.065966
0.064803
0.063286
0.063958
0.062163
0.061809
0.062047
0.062603
0.063558
0.062847
