0.146578
0.150825
0.091275
0.075964
0.073046
0.071670
0.071670
0.071670
0.071670
0.071670
0.071670
0.071670
0.071670
0.071670
0.071670
0.071670
0.071670
0.071670
0.071670
0.071670
0.071670
0.071670
0.071670
0.071670
0.071670
0.071670
0.071670
0.071670
0.071670
0.071670
0.070534
0.077197
0.068321
0.071670
0.071670
0.071670
0.071670
0.071670
0.071670
0.071670
0.071670
0.071670
0.071670
0.071670
0.071670
0.071670
0.071670
0.071670
0.071670
0.071670
0.071670
0.071670
0.071670
0.071670
0.071670
0.071670
0.071670
0.071670
0.071670
0.071670
0.070839
0.069051
0.070359
0.068454
0.068393
0.065174
0.065958
0.066857
0.064826
0.060421
0.064328
0.062575
0.061449
0.061892
0.062103
0.058971
0.061089
0.058200
0.061423
0.059962
0.060431
0.059762
0.061450
0.060892
0.058713
0.060033
0.058682
0.058848
0.059439
0.060358
0.059993
0.058856
0.058983
0.060861
0.056530
0.061539
0.059171
0.059143
0.058784
0.060367
0.058372
0.058710
0.057535
0.058415
0.059437
0.059160
0.058286
0.059147
0.059078
0.058248
0.057385
0.057525
0.058226
0.057521
0.059943
0.058377
0.059043
0.058209
0.057513
0.058237
0.060296
0.059578
0.056664
0.055921
0.059089
0.058186
0.058135
0.057128
0.058213
0.059245
0.056790
0.059940
0.058152
0.058556
0.054202
0.053811
0.058976
0.056819
0.057711
0.055714
0.055369
0.058331
0.056444
0.056365
0.055823
0.057592
0.057255
0.054307
0.052240
0.053009
