0.192383
0.181359
0.194275
0.158399
0.150103
0.166653
0.126594
0.107614
0.102132
0.079689
0.080375
0.068716
0.074407
0.068807
0.076072
0.065592
0.060968
0.056298
0.053974
0.055824
0.056822
0.051235
0.051667
0.049654
0.050954
0.042383
0.048451
0.049580
0.045701
0.042513
0.045333
0.040027
0.041722
0.040145
0.041625
0.036849
0.040987
0.032799
0.038558
0.035030
0.028104
0.039403
0.043082
0.032293
0.033603
0.036113
0.032019
0.030311
0.026668
0.030292
0.028848
0.024015
0.024912
0.025713
0.025102
0.024299
0.027517
0.025099
0.024174
0.020180
0.020398
0.022607
0.022446
0.023248
0.021106
0.021251
0.019450
0.019453
0.018690
0.018615
0.020706
0.018454
0.019440
0.014716
0.020321
0.018242
0.017956
0.018266
0.017079
0.016831
0.015086
0.015837
0.015639
0.015098
0.016374
0.015485
0.014368
0.016725
0.014325
0.013661
0.014758
0.013343
0.013433
0.015631
0.016435
0.016098
0.015596
0.015989
0.014623
0.015662
0.013033
0.013143
0.014317
0.012030
0.012767
0.014229
0.014624
0.015185
0.013670
0.014423
0.012885
0.011325
0.014610
0.013389
0.011146
0.005816
0.005581
0.001720
0.002625
0.002420
0.001326
0.001475
0.002807
0.000934
0.001572
0.000884
0.001115
0.000995
0.000765
0.001560
0.001084
0.000751
0.000949
0.000651
0.000557
0.000501
0.000783
0.001044
0.000602
0.000491
0.001088
0.000806
0.000488
0.000601
0.000427
0.000353
0.000399
0.000472
0.000431
0.000373
