0.080024
0.072647
0.072580
0.071670
0.071670
0.071670
0.071670
0.071670
0.071670
0.071670
0.071670
0.071670
0.071670
0.071670
0.071670
0.070040
0.067605
0.067104
0.068008
0.065922
0.064764
0.067464
0.065150
0.066732
0.067656
0.065215
0.063685
0.064726
0.065863
0.063518
0.065194
0.061942
0.062529
0.066477
0.063514
0.061663
0.063530
0.061440
0.059470
0.058718
0.059412
0.062683
0.063260
0.062825
0.062663
0.062059
0.061418
0.059967
0.060011
0.058842
0.059620
0.058232
0.060455
0.061478
0.058521
0.057760
0.061270
0.060632
0.060650
0.059103
0.061668
0.057560
0.057393
0.058416
0.059080
0.058506
0.059129
0.062502
0.059334
0.059763
0.059210
0.058981
0.060822
0.059874
0.065266
0.064213
0.070766
0.070848
0.071610
0.071985
0.071670
0.071950
0.071670
0.071670
0.071670
0.071670
0.071670
0.071670
0.071670
0.072108
0.071145
0.070529
0.071360
0.071483
0.070529
0.068895
0.080370
0.065454
0.066408
0.067479
0.061487
0.061066
0.061022
0.062930
0.065001
0.059316
0.062881
0.057052
0.055820
0.060195
0.056225
0.053705
0.058984
0.060676
0.059483
0.063641
0.059621
0.062981
0.055891
0.057609
0.058648
0.060328
0.058750
0.052614
0.052154
0.055274
0.057157
0.054357
0.054840
0.053915
0.054559
0.054311
0.057168
0.053595
0.050949
0.052290
0.054945
0.052847
0.057013
0.053132
0.051860
0.044925
0.049969
0.049508
0.047973
0.048319
0.049779
0.044333
0.046354
0.044911
