0.078498
0.071670
0.071670
0.070839
0.071172
0.072365
0.070285
0.070034
0.071206
0.069787
0.071508
0.074038
0.071762
0.073313
0.069448
0.069823
0.071486
0.068848
0.068850
0.071931
0.071432
0.071457
0.069893
0.071243
0.072097
0.067648
0.063359
0.067290
0.064912
0.065053
0.062888
0.063523
0.063996
0.071439
0.065360
0.066199
0.061349
0.062439
0.062560
0.062563
0.056919
0.060864
0.060582
0.058261
0.060128
0.053056
0.055502
0.056873
0.052981
0.054532
0.061955
0.054242
0.055310
0.056610
0.049809
0.049468
0.049866
0.047135
0.043570
0.042497
0.043098
0.045756
0.045818
0.044317
0.041024
0.042736
0.045309
0.041170
0.045651
0.048491
0.041206
0.039938
0.040575
0.040322
0.041650
0.033464
0.042024
0.048253
0.044387
0.037116
0.040327
0.050460
0.042824
0.039821
0.039165
0.041900
0.036055
0.044957
0.041216
0.041663
0.041880
0.042444
0.051532
0.032847
0.044334
0.049432
0.040958
0.036321
0.040710
0.039544
0.047622
0.046334
0.037634
0.038627
0.041334
0.033197
0.034812
0.037531
0.030494
0.032820
0.030522
0.038551
0.036572
0.033859
0.033858
0.034279
0.034238
0.033834
0.033510
0.032700
0.031270
0.032544
0.028573
0.029658
0.027299
0.029962
0.027626
0.028920
0.029870
0.028365
0.028366
0.026363
0.025646
0.028443
0.024198
0.022789
0.029728
0.024695
0.024910
0.024922
0.021663
0.021236
0.023528
0.018474
0.019631
0.016393
0.016489
0.015191
0.016101
0.010520
