0.107168
0.090800
0.081734
0.074147
0.071279
0.071479
0.072247
0.072152
0.071670
0.070445
0.071567
0.070960
0.071203
0.070839
0.069904
0.069538
0.069465
0.068329
0.070371
0.070134
0.068909
0.068303
0.069107
0.067607
0.069810
0.069667
0.067998
0.073780
0.067462
0.067947
0.067722
0.065407
0.065107
0.067113
0.067375
0.065185
0.066466
0.065096
0.063082
0.061009
0.064838
0.062188
0.066940
0.064618
0.062587
0.064226
0.067585
0.062205
0.060610
0.062108
0.064758
0.061509
0.065356
0.060366
0.060352
0.064468
0.060076
0.060783
0.065601
0.059815
0.063995
0.060806
0.062749
0.061194
0.063904
0.061559
0.061348
0.059080
0.060848
0.065939
0.066007
0.060875
0.057402
0.063261
0.059554
0.064093
0.064405
0.059634
0.061405
0.057372
0.057486
0.057970
0.055926
0.060069
0.057784
0.055321
0.055522
0.054724
0.056568
0.056815
0.062686
0.055294
0.059572
0.062603
0.060281
0.059521
0.055836
0.056573
0.055279
0.052652
0.051852
0.050502
0.052306
0.051859
0.051910
0.053910
0.050954
0.051531
0.055811
0.048699
0.046215
0.055146
0.050743
0.050815
0.046727
0.050920
0.045615
0.045029
0.053736
0.049428
0.046873
0.041463
0.036341
0.045347
0.046689
0.040805
0.033535
0.036820
0.035776
0.036272
0.027785
0.039613
0.044598
0.031631
0.036341
0.040178
0.049999
0.046600
0.040699
0.037197
0.034624
0.028771
0.029288
0.041512
0.029267
0.031357
0.029907
0.024549
0.027269
0.038126
