0.079655
0.071527
0.071005
0.071274
0.071670
0.071670
0.071670
0.071670
0.071670
0.071670
0.071670
0.071670
0.071670
0.071670
0.071670
0.071670
0.071670
0.071670
0.071670
0.071670
0.071670
0.071670
0.071670
0.071670
0.071670
0.071670
0.071670
0.070839
0.082292
0.071203
0.071670
0.070839
0.069375
0.066526
0.066151
0.064153
0.063677
0.063763
0.064340
0.062522
0.065776
0.063425
0.064500
0.060613
0.060806
0.063546
0.060819
0.061387
0.062347
0.060940
0.060992
0.060903
0.062053
0.060474
0.064963
0.060347
0.067065
0.060731
0.066934
0.063502
0.062480
0.062879
0.063714
0.062189
0.061462
0.066060
0.059505
0.063004
0.061064
0.058232
0.058461
0.061927
0.060087
0.059759
0.064198
0.059741
0.060571
0.056687
0.059922
0.059942
0.059597
0.058582
0.059680
0.061058
0.055299
0.056288
0.055632
0.057293
0.056447
0.057607
0.056055
0.056681
0.053422
0.053642
0.051616
0.057308
0.058534
0.055571
0.055883
0.054698
0.051907
0.053002
0.054349
0.055983
0.053803
0.056865
0.053419
0.057882
0.053435
0.059430
0.056148
0.058824
0.055364
0.054452
0.056791
0.049947
0.057094
0.055424
0.052078
0.048177
0.052045
0.048526
0.049794
0.045088
0.051347
0.050062
0.052504
0.062773
0.056032
0.059271
0.053705
0.057023
0.054786
0.047608
0.051930
0.048234
0.046105
0.042664
0.043237
0.035989
0.037167
0.037376
0.036440
0.038687
0.039013
0.035664
0.040793
0.035008
0.033184
0.029763
