0.094051
0.072781
0.071203
0.069690
0.069846
0.069027
0.068535
0.070687
0.066476
0.064608
0.061765
0.062201
0.059054
0.063113
0.057124
0.060309
0.061119
0.058428
0.056396
0.059015
0.060144
0.055348
0.057549
0.056063
0.056065
0.054008
0.051716
0.056438
0.051807
0.050009
0.056354
0.051718
0.057039
0.053383
0.056113
0.057591
0.052530
0.051926
0.049720
0.049381
0.051100
0.049558
0.047292
0.048764
0.049440
0.049122
0.047902
0.049371
0.045828
0.045366
0.047199
0.045630
0.046477
0.042109
0.047170
0.051135
0.049648
0.047347
0.041899
0.046048
0.042753
0.042028
0.042334
0.041637
0.035989
0.040612
0.041375
0.039938
0.046572
0.044464
0.038196
0.043736
0.040355
0.041851
0.039911
0.036439
0.039013
0.037169
0.039094
0.039064
0.042516
0.034519
0.037292
0.032225
0.033052
0.032092
0.031310
0.033566
0.030055
0.032915
0.028847
0.027045
0.030348
0.028671
0.033029
0.030843
0.028777
0.026639
0.024317
0.027264
0.030094
0.023972
0.027977
0.028981
0.041917
0.036820
0.029237
0.031557
0.035435
0.030431
0.033467
0.042426
0.028458
0.056516
0.031655
0.031997
0.042491
0.035900
0.059125
0.033936
0.027853
0.026215
0.034733
0.028702
0.021632
0.019602
0.015144
0.011392
0.014516
0.013457
0.017594
0.012851
0.016211
0.015365
0.011473
0.008098
0.011569
0.014024
0.010653
0.012593
0.006649
0.007456
0.008952
0.012832
0.006054
0.005918
0.008801
0.005810
0.005551
0.010511
