0.085723
0.084945
0.076554
0.070011
0.069554
0.071353
0.069651
0.072088
0.069934
0.068086
0.069167
0.070210
0.064425
0.061270
0.060500
0.063109
0.064857
0.063601
0.061348
0.061009
0.055951
0.063360
0.060054
0.059054
0.056529
0.057053
0.052463
0.054239
0.053827
0.052005
0.048820
0.053866
0.053378
0.053352
0.048933
0.050059
0.057845
0.049455
0.043087
0.051363
0.049607
0.053065
0.050363
0.051499
0.049321
0.045139
0.048833
0.042589
0.053770
0.044323
0.041280
0.046987
0.047710
0.044884
0.043848
0.043763
0.041551
0.044994
0.037312
0.035249
0.033031
0.034384
0.035205
0.029983
0.027639
0.028611
0.031695
0.028221
0.029313
0.022361
0.026947
0.027041
0.025081
0.029522
0.022868
0.023145
0.021569
0.037679
0.028139
0.034206
0.029214
0.024944
0.021354
0.023393
0.018083
0.015754
0.023578
0.020779
0.026021
0.021442
0.018916
0.025054
0.013448
0.016163
0.012724
0.011252
0.010499
0.012549
0.009785
0.013613
0.011671
0.013285
0.011685
0.012928
0.012001
0.011910
0.007513
0.008206
0.009842
0.008022
0.014123
0.004721
0.020249
0.029094
0.017543
0.015047
0.011235
0.007308
0.009785
0.010384
0.008500
0.009776
0.009794
0.005364
0.007821
0.005173
0.019926
0.008019
0.016757
0.008931
0.005165
0.004118
0.005072
0.011376
0.006980
0.002965
0.003874
0.002485
0.003682
0.005318
0.002821
0.006491
0.002666
0.008230
0.017449
0.005226
0.008755
0.015130
0.008469
0.008408
