0.088234
0.074876
0.074151
0.072999
0.071203
0.071670
0.071670
0.071670
0.071670
0.071670
0.071670
0.071276
0.073472
0.071207
0.071670
0.071670
0.071670
0.071670
0.071670
0.071670
0.071670
0.071670
0.071670
0.071670
0.071670
0.071670
0.071670
0.071670
0.071670
0.071670
0.071670
0.071670
0.071670
0.071670
0.071670
0.071670
0.071670
0.071670
0.071670
0.071670
0.071670
0.071670
0.071425
0.070489
0.071670
0.071670
0.071670
0.071670
0.071670
0.071670
0.071670
0.071203
0.070839
0.071203
0.071203
0.069614
0.070083
0.068344
0.065308
0.065926
0.070957
0.068579
0.065489
0.067608
0.068681
0.067579
0.069652
0.066373
0.068406
0.067163
0.067228
0.064991
0.066113
0.065622
0.067969
0.065301
0.066231
0.068373
0.066883
0.067238
0.066136
0.065149
0.062994
0.059010
0.058056
0.057084
0.056535
0.054621
0.058133
0.057308
0.056106
0.054324
0.056788
0.054050
0.055522
0.059397
0.059009
0.052586
0.054274
0.054666
0.054566
0.052275
0.052385
0.052230
0.052850
0.051260
0.051818
0.050876
0.053241
0.049580
0.050919
0.050491
0.051093
0.049049
0.049446
0.050447
0.049335
0.048657
0.049904
0.050145
0.048988
0.048509
0.045813
0.046353
0.047910
0.042551
0.043824
0.043640
0.041764
0.043535
0.041169
0.042562
0.040447
0.039275
0.039488
0.040107
0.039372
0.037892
0.034946
0.033679
0.029961
0.030167
0.028496
0.031795
0.036750
0.038169
0.037746
0.039108
0.036344
0.033785
