0.153369
0.091018
0.075195
0.071828
0.071670
0.071670
0.071670
0.071670
0.071670
0.071670
0.071670
0.071670
0.071670
0.071670
0.071670
0.071670
0.071670
0.071670
0.071670
0.071670
0.071670
0.071670
0.071670
0.071670
0.071670
0.071670
0.071670
0.071670
0.071670
0.071670
0.071670
0.071670
0.071670
0.071670
0.071670
0.071828
0.071670
0.072143
0.072327
0.071882
0.072138
0.070673
0.071713
0.069928
0.070135
0.070323
0.067359
0.068086
0.067876
0.070349
0.067871
0.067277
0.061522
0.067977
0.066821
0.065036
0.062824
0.061983
0.064080
0.064837
0.058451
0.063369
0.060150
0.063117
0.060185
0.058960
0.057796
0.064184
0.059895
0.063492
0.064472
0.057709
0.053557
0.058171
0.056643
0.055864
0.061281
0.058165
0.053404
0.051728
0.056323
0.049657
0.055548
0.053142
0.052170
0.052257
0.048666
0.051604
0.049965
0.048800
0.048047
0.046883
0.048491
0.049183
0.044401
0.052649
0.044809
0.045366
0.042770
0.042964
0.040928
0.042402
0.040311
0.041623
0.037283
0.037983
0.040324
0.036657
0.033829
0.037552
0.035510
0.036198
0.037214
0.034287
0.031657
0.034715
0.034448
0.039254
0.028733
0.041657
0.030494
0.029186
0.034459
0.028851
0.032408
0.029859
0.033552
0.029796
0.029175
0.026466
0.024138
0.025004
0.024294
0.024013
0.021762
0.024598
0.023993
0.020228
0.020531
0.022219
0.023041
0.017145
0.025868
0.018863
0.021255
0.018150
0.017701
0.013998
0.017415
0.015146
