0.102669
0.073124
0.079539
0.069821
0.070361
0.069357
0.068319
0.072334
0.069015
0.069094
0.065008
0.070136
0.068903
0.068599
0.064320
0.063772
0.061055
0.065475
0.064639
0.061671
0.064128
0.059716
0.059604
0.062463
0.059158
0.058433
0.060107
0.059400
0.056648
0.059672
0.059593
0.052962
0.057284
0.055426
0.054728
0.057290
0.051531
0.052250
0.053312
0.054044
0.052073
0.055005
0.052706
0.050835
0.051284
0.053029
0.050081
0.047775
0.050332
0.052326
0.049503
0.048541
0.048403
0.049649
0.047668
0.051926
0.049171
0.049056
0.047356
0.044173
0.038525
0.039013
0.038435
0.038201
0.038309
0.036931
0.034805
0.036399
0.040183
0.040736
0.040797
0.040274
0.037299
0.035276
0.031983
0.030115
0.032504
0.025648
0.029099
0.029761
0.032760
0.025278
0.028370
0.047952
0.029409
0.035400
0.026432
0.028549
0.024388
0.024139
0.025025
0.024265
0.020683
0.020333
0.022221
0.019699
0.021991
0.019945
0.022249
0.026646
0.021211
0.019593
0.019074
0.014759
0.014197
0.015206
0.011965
0.015990
0.010383
0.017719
0.016182
0.029203
0.016401
0.021608
0.014427
0.022597
0.022174
0.014514
0.015573
0.017938
0.011501
0.011947
0.011093
0.010550
0.008343
0.008122
0.008798
0.007912
0.008391
0.006108
0.008361
0.005625
0.005515
0.005886
0.004922
0.005195
0.004280
0.005001
0.003643
0.003449
0.004293
0.004381
0.003573
0.005300
0.003395
0.002995
0.002636
0.002635
0.002762
0.002851
