0.231722
0.078736
0.075790
0.074750
0.075662
0.071124
0.070538
0.070212
0.067545
0.065951
0.069897
0.064273
0.063825
0.061372
0.059499
0.061472
0.058832
0.059873
0.053992
0.056420
0.056147
0.054913
0.054218
0.055411
0.053069
0.055490
0.054374
0.056652
0.049341
0.050295
0.047390
0.049134
0.047850
0.049210
0.051290
0.049128
0.047871
0.047143
0.046802
0.046392
0.045207
0.047369
0.046558
0.044711
0.050122
0.048804
0.047972
0.046256
0.050048
0.045505
0.050373
0.046214
0.050524
0.043463
0.048042
0.048816
0.047349
0.043840
0.044650
0.044036
0.045010
0.041959
0.044023
0.041947
0.041148
0.040152
0.042070
0.043214
0.042577
0.040685
0.041847
0.041330
0.042236
0.042613
0.042226
0.040651
0.041207
0.039433
0.041305
0.040160
0.041644
0.042179
0.039802
0.038887
0.038704
0.039150
0.039136
0.038834
0.042860
0.040250
0.042095
0.040717
0.040731
0.040655
0.038929
0.040322
0.039329
0.040983
0.036111
0.036493
0.037084
0.034128
0.038025
0.036000
0.042166
0.039642
0.039456
0.036411
0.035592
0.036811
0.034320
0.034256
0.035614
0.040553
0.037051
0.033443
0.035458
0.036092
0.033488
0.036004
0.032052
0.032076
0.032014
0.032096
0.029621
0.034374
0.031221
0.034470
0.028974
0.031697
0.031069
0.035981
0.029663
0.034175
0.037392
0.032151
0.036093
0.035817
0.029356
0.037942
0.028773
0.039185
0.033814
0.037113
0.044504
0.039895
0.035701
0.036347
0.035004
0.052208
