0.084736
0.093587
0.071471
0.071670
0.071670
0.071828
0.070839
0.072322
0.071634
0.071936
0.073301
0.074244
0.073418
0.073379
0.073008
0.072785
0.072198
0.071775
0.070642
0.070625
0.070717
0.071959
0.070427
0.070926
0.072029
0.071229
0.070095
0.070796
0.069745
0.070625
0.069602
0.067421
0.067745
0.068775
0.068921
0.065153
0.065280
0.061542
0.063752
0.064784
0.062408
0.062438
0.060162
0.067176
0.061101
0.061901
0.058747
0.058087
0.065795
0.059415
0.059248
0.056648
0.057450
0.061496
0.052943
0.059400
0.060735
0.060161
0.058582
0.060243
0.056526
0.056318
0.058391
0.059330
0.056423
0.055564
0.056184
0.056582
0.056380
0.058577
0.055629
0.051537
0.058665
0.055248
0.058560
0.057002
0.055215
0.055930
0.050554
0.050015
0.052383
0.047666
0.050364
0.049398
0.047410
0.044127
0.045328
0.042997
0.043932
0.043620
0.040661
0.042729
0.041845
0.043715
0.042505
0.043777
0.042064
0.042096
0.041582
0.036738
0.038757
0.036677
0.038063
0.036304
0.040139
0.038529
0.039323
0.037173
0.037565
0.038243
0.033360
0.034744
0.027583
0.035367
0.031410
0.035575
0.032285
0.037264
0.031984
0.026230
0.032245
0.030246
0.027406
0.026824
0.024368
0.028098
0.026945
0.025010
0.028884
0.028001
0.020769
0.022895
0.025801
0.023923
0.027060
0.025155
0.022853
0.018938
0.020266
0.018873
0.017309
0.023050
0.015298
0.015197
0.022009
0.017178
0.025865
0.018946
0.021016
0.019508
