0.099334
0.072387
0.071655
0.072878
0.073301
0.071281
0.071688
0.072290
0.069645
0.070223
0.070679
0.067966
0.067453
0.067328
0.065253
0.067843
0.066086
0.066910
0.066858
0.064853
0.063255
0.063571
0.062184
0.062067
0.064077
0.061032
0.061299
0.062119
0.062035
0.061154
0.062029
0.059052
0.061317
0.063659
0.062170
0.059224
0.062150
0.061464
0.060023
0.061987
0.061822
0.062327
0.060811
0.061345
0.060594
0.060446
0.060525
0.059387
0.060611
0.059312
0.061148
0.059376
0.061143
0.062009
0.058522
0.058593
0.061043
0.061529
0.061696
0.060131
0.061942
0.059257
0.057763
0.059384
0.060115
0.060652
0.059329
0.061899
0.060410
0.060107
0.060120
0.058474
0.059329
0.060948
0.061129
0.060398
0.063513
0.057858
0.061995
0.060708
0.059492
0.061350
0.061758
0.060490
0.060482
0.058706
0.061770
0.061411
0.058259
0.062586
0.063157
0.062064
0.058447
0.060723
0.060374
0.059590
0.063336
0.065124
0.059211
0.061876
0.060277
0.063641
0.059197
0.059689
0.059517
0.058438
0.068542
0.059388
0.058747
0.061474
0.058626
0.057128
0.059753
0.059317
0.058781
0.058160
0.059590
0.062173
0.057661
0.058911
0.057851
0.055808
0.059040
0.057696
0.054652
0.057691
0.057608
0.056936
0.054725
0.059484
0.058678
0.054656
0.057428
0.055926
0.057874
0.051777
0.052893
0.053913
0.056183
0.052784
0.056104
0.052388
0.056230
0.055178
0.056959
0.056249
0.054251
0.053842
0.055330
0.053140
