0.200000
0.215000
0.215000
0.265000
0.280000
0.295000
0.335000
0.335000
0.355000
0.380000
0.355000
0.385000
0.400000
0.400000
0.445000
0.395000
0.425000
0.450000
0.435000
0.460000
0.465000
0.450000
0.450000
0.465000
0.470000
0.465000
0.465000
0.445000
0.475000
0.465000
0.485000
0.495000
0.490000
0.495000
0.490000
0.490000
0.500000
0.500000
0.495000
0.495000
0.500000
0.500000
0.500000
0.495000
0.505000
0.505000
0.505000
0.505000
0.505000
0.510000
0.515000
0.515000
0.510000
0.515000
0.515000
0.515000
0.515000
0.515000
0.515000
0.515000
0.515000
0.515000
0.515000
0.515000
0.510000
0.515000
0.515000
0.515000
0.515000
0.515000
0.515000
0.510000
0.515000
0.515000
0.515000
0.515000
0.515000
0.515000
0.515000
0.515000
0.515000
0.515000
0.515000
0.515000
0.515000
0.515000
0.515000
0.515000
0.515000
0.515000
0.515000
0.515000
0.515000
0.515000
0.515000
0.515000
0.515000
0.515000
0.515000
0.520000
0.515000
0.515000
0.520000
0.520000
0.520000
0.520000
0.520000
0.535000
0.525000
0.525000
0.525000
0.525000
0.535000
0.545000
0.535000
0.540000
0.560000
0.570000
0.600000
0.595000
0.590000
0.605000
0.600000
0.620000
0.625000
0.635000
0.635000
0.645000
0.645000
0.640000
0.650000
0.635000
0.655000
0.640000
0.655000
0.650000
0.655000
0.655000
0.660000
0.655000
0.660000
0.665000
0.660000
0.660000
0.660000
0.660000
0.670000
0.670000
0.665000
0.670000
