0.160000
0.170000
0.175000
0.170000
0.170000
0.170000
0.170000
0.170000
0.170000
0.170000
0.170000
0.170000
0.170000
0.170000
0.170000
0.170000
0.170000
0.170000
0.170000
0.170000
0.170000
0.170000
0.170000
0.170000
0.170000
0.170000
0.170000
0.170000
0.170000
0.170000
0.170000
0.170000
0.170000
0.170000
0.170000
0.170000
0.170000
0.170000
0.170000
0.170000
0.170000
0.170000
0.170000
0.170000
0.170000
0.170000
0.170000
0.170000
0.170000
0.170000
0.170000
0.170000
0.170000
0.170000
0.170000
0.170000
0.170000
0.170000
0.170000
0.170000
0.170000
0.170000
0.170000
0.170000
0.175000
0.200000
0.255000
0.245000
0.300000
0.185000
0.175000
0.265000
0.270000
0.265000
0.300000
0.310000
0.305000
0.315000
0.325000
0.325000
0.325000
0.325000
0.325000
0.325000
0.325000
0.325000
0.325000
0.325000
0.325000
0.325000
0.325000
0.325000
0.325000
0.325000
0.325000
0.330000
0.330000
0.335000
0.395000
0.360000
0.420000
0.390000
0.440000
0.535000
0.490000
0.560000
0.580000
0.605000
0.570000
0.640000
0.615000
0.710000
0.690000
0.710000
0.730000
0.695000
0.760000
0.780000
0.790000
0.815000
0.825000
0.810000
0.845000
0.890000
0.860000
0.880000
0.840000
0.875000
0.885000
0.910000
0.875000
0.945000
0.970000
0.940000
0.970000
0.960000
0.960000
0.955000
0.990000
0.990000
0.995000
1.000000
0.995000
1.000000
1.000000
1.000000
1.000000
1.000000
1.000000
1.000000
