0.125000
0.220000
0.155000
0.155000
0.155000
0.155000
0.155000
0.155000
0.155000
0.155000
0.155000
0.155000
0.155000
0.155000
0.155000
0.155000
0.155000
0.155000
0.155000
0.155000
0.155000
0.170000
0.225000
0.205000
0.235000
0.290000
0.230000
0.265000
0.295000
0.295000
0.320000
0.280000
0.325000
0.315000
0.325000
0.320000
0.330000
0.330000
0.330000
0.325000
0.335000
0.335000
0.335000
0.335000
0.335000
0.335000
0.335000
0.335000
0.330000
0.335000
0.335000
0.335000
0.335000
0.335000
0.335000
0.335000
0.335000
0.335000
0.335000
0.335000
0.335000
0.335000
0.335000
0.335000
0.335000
0.335000
0.335000
0.335000
0.335000
0.335000
0.335000
0.335000
0.335000
0.335000
0.335000
0.335000
0.335000
0.335000
0.335000
0.335000
0.335000
0.335000
0.335000
0.335000
0.335000
0.335000
0.335000
0.335000
0.340000
0.340000
0.370000
0.360000
0.385000
0.350000
0.370000
0.400000
0.395000
0.400000
0.400000
0.395000
0.400000
0.405000
0.425000
0.415000
0.435000
0.445000
0.440000
0.455000
0.445000
0.365000
0.335000
0.335000
0.335000
0.335000
0.335000
0.335000
0.335000
0.335000
0.335000
0.335000
0.330000
0.335000
0.335000
0.335000
0.335000
0.330000
0.335000
0.335000
0.335000
0.335000
0.335000
0.335000
0.335000
0.335000
0.335000
0.345000
0.370000
0.440000
0.440000
0.440000
0.455000
0.455000
0.445000
0.465000
0.470000
0.465000
0.470000
0.470000
0.475000
0.475000
