0.121955
0.062634
0.062595
0.062478
0.063514
0.062478
0.062752
0.061174
0.061128
0.058776
0.057909
0.057656
0.058343
0.058140
0.057024
0.056347
0.055119
0.055453
0.055573
0.054016
0.053039
0.053467
0.052698
0.055437
0.056706
0.054199
0.053925
0.053511
0.052910
0.054772
0.053662
0.052834
0.053323
0.050399
0.052042
0.054487
0.053662
0.053401
0.053828
0.053182
0.051791
0.053051
0.052895
0.052292
0.052395
0.051891
0.053378
0.050490
0.051294
0.050773
0.051475
0.051014
0.051031
0.049992
0.052863
0.052204
0.053405
0.052715
0.052634
0.053341
0.052544
0.049292
0.051596
0.052460
0.053307
0.051664
0.052457
0.052490
0.052490
0.051579
0.050755
0.053267
0.051465
0.051955
0.048874
0.049693
0.048630
0.050386
0.048429
0.050520
0.048013
0.048657
0.046388
0.046563
0.047918
0.044902
0.047381
0.044226
0.044418
0.044319
0.043207
0.042647
0.041147
0.039614
0.039945
0.039541
0.037947
0.035233
0.038037
0.035317
0.037666
0.037456
0.036563
0.039392
0.037355
0.037306
0.038104
0.035815
0.033613
0.035764
0.036337
0.034117
0.033882
0.032234
0.034578
0.033589
0.034587
0.035398
0.032283
0.032016
0.033841
0.032893
0.032956
0.033181
0.029474
0.032925
0.031104
0.032362
0.031630
0.031564
0.031351
0.030394
0.033048
0.030404
0.029179
0.037390
0.037078
0.036576
0.032453
0.032061
0.030009
0.030850
0.026757
0.025130
0.025812
0.026382
0.027631
0.025728
0.023944
0.025934
