0.257453
0.110232
0.062676
0.062712
0.062712
0.062712
0.062712
0.062712
0.062712
0.062712
0.062712
0.062712
0.062712
0.062712
0.062712
0.062712
0.062712
0.062712
0.062712
0.062712
0.062712
0.062712
0.062712
0.062712
0.062712
0.062712
0.062712
0.062712
0.062712
0.062712
0.062712
0.062712
0.062712
0.062712
0.062712
0.062712
0.062712
0.062712
0.062244
0.063332
0.062162
0.058505
0.057346
0.056699
0.055227
0.058772
0.056140
0.057052
0.055076
0.051766
0.054067
0.052766
0.054709
0.054608
0.053420
0.054599
0.053439
0.053454
0.053349
0.052876
0.052234
0.052771
0.051594
0.051178
0.051677
0.050653
0.049343
0.050571
0.049995
0.048774
0.047252
0.046082
0.047107
0.046287
0.048289
0.047952
0.047468
0.046150
0.046049
0.047355
0.044811
0.048209
0.045656
0.043445
0.047739
0.046391
0.045938
0.043921
0.042861
0.042816
0.045252
0.043180
0.043160
0.043840
0.041298
0.042510
0.043979
0.042989
0.042474
0.044314
0.042506
0.043928
0.042160
0.042188
0.042112
0.043714
0.042875
0.039427
0.041060
0.040313
0.042703
0.041047
0.041925
0.041012
0.042738
0.039394
0.042656
0.042714
0.041080
0.042663
0.042695
0.041889
0.041854
0.041866
0.041841
0.041867
0.042661
0.042653
0.041821
0.041803
0.041804
0.043484
0.040951
0.040136
0.041862
0.042677
0.040976
0.043474
0.041009
0.041759
0.041762
0.040976
0.040101
0.043432
0.042596
0.042593
0.042598
0.041755
0.040913
0.044270
