0.252108
0.115341
0.064265
0.062751
0.062752
0.061232
0.060065
0.061628
0.062712
0.062712
0.062712
0.062712
0.062712
0.062712
0.062712
0.062712
0.062712
0.062712
0.062712
0.062712
0.062751
0.062367
0.063307
0.061966
0.060488
0.060753
0.061731
0.059581
0.059943
0.057654
0.056664
0.057576
0.055906
0.057138
0.056328
0.055437
0.055628
0.055974
0.055686
0.055323
0.053656
0.054908
0.054984
0.053284
0.052353
0.053757
0.053046
0.054566
0.055568
0.053792
0.053857
0.053545
0.051628
0.051951
0.052644
0.052506
0.054711
0.052583
0.051774
0.052653
0.051701
0.052306
0.050588
0.053121
0.052068
0.052226
0.052180
0.051296
0.052897
0.051322
0.052028
0.052223
0.051187
0.051220
0.052080
0.051940
0.051156
0.051168
0.049544
0.052030
0.052816
0.049469
0.052742
0.050262
0.051929
0.051106
0.051169
0.051920
0.051256
0.051059
0.051642
0.049478
0.052318
0.052442
0.051807
0.049508
0.048951
0.047144
0.049956
0.050852
0.049352
0.049389
0.048540
0.048854
0.046450
0.043899
0.046682
0.047332
0.046646
0.051174
0.053723
0.053351
0.053012
0.049738
0.052430
0.051465
0.051694
0.047897
0.046063
0.046472
0.047844
0.044086
0.045736
0.045335
0.042718
0.044197
0.043179
0.043050
0.043356
0.041054
0.043720
0.042904
0.042785
0.042624
0.043372
0.041352
0.041648
0.037913
0.037121
0.039041
0.039273
0.036207
0.035947
0.035168
0.034202
0.035347
0.035476
0.034652
0.033280
0.032281
