0.173645
0.062864
0.061853
0.059376
0.058229
0.058129
0.057757
0.058306
0.059198
0.058045
0.057289
0.055494
0.053313
0.052941
0.052345
0.053725
0.053700
0.050226
0.051184
0.051070
0.048891
0.049154
0.050071
0.047451
0.047645
0.049288
0.046810
0.048027
0.048878
0.048706
0.046180
0.046287
0.047003
0.044811
0.044857
0.045175
0.044039
0.046055
0.044602
0.045929
0.044785
0.043017
0.044376
0.044621
0.042308
0.042350
0.045565
0.041145
0.042089
0.043820
0.042219
0.043756
0.042489
0.043001
0.042078
0.042835
0.042158
0.042674
0.042751
0.040962
0.043342
0.041147
0.042525
0.043568
0.043443
0.041919
0.043362
0.041971
0.040095
0.043228
0.042177
0.044034
0.041416
0.040784
0.041700
0.041647
0.042330
0.040931
0.041872
0.041725
0.041646
0.039893
0.043247
0.040603
0.041417
0.042153
0.039688
0.041297
0.042163
0.042159
0.040457
0.042133
0.040487
0.040442
0.041226
0.042930
0.040431
0.041265
0.042081
0.041127
0.042164
0.042979
0.040193
0.040300
0.042730
0.040200
0.043588
0.041484
0.039882
0.042374
0.043114
0.042138
0.041346
0.043110
0.041031
0.040010
0.039529
0.037513
0.039007
0.039779
0.038551
0.037342
0.037094
0.035882
0.036601
0.037167
0.035576
0.035604
0.035926
0.035065
0.032978
0.034984
0.034739
0.034501
0.033304
0.034056
0.035867
0.032929
0.034794
0.033090
0.033816
0.036065
0.033637
0.032422
0.034867
0.034129
0.034193
0.032214
0.031734
0.032908
