0.348464
0.130329
0.066971
0.063151
0.062712
0.062712
0.062712
0.062712
0.062712
0.062712
0.062712
0.062712
0.062712
0.062712
0.062712
0.062712
0.062712
0.062712
0.062712
0.062712
0.062712
0.062712
0.062712
0.062090
0.061584
0.062333
0.061894
0.062244
0.061585
0.061782
0.060062
0.061282
0.061426
0.060651
0.059832
0.060572
0.061348
0.059939
0.059747
0.059586
0.058881
0.059239
0.056513
0.057115
0.056582
0.055854
0.057397
0.054449
0.053911
0.052991
0.051932
0.052618
0.052520
0.052588
0.049997
0.051678
0.051590
0.051579
0.052433
0.051571
0.050738
0.052383
0.051602
0.052395
0.053130
0.052690
0.051384
0.049016
0.051532
0.053016
0.053451
0.049720
0.050141
0.048916
0.047872
0.048459
0.046642
0.046081
0.045548
0.044730
0.043194
0.045204
0.044429
0.046038
0.044777
0.042878
0.042962
0.044436
0.043514
0.043422
0.042394
0.044886
0.043092
0.040718
0.042132
0.041469
0.043018
0.043645
0.040409
0.042638
0.041442
0.042311
0.038126
0.041832
0.037918
0.037534
0.035090
0.035498
0.033285
0.033136
0.033579
0.029343
0.029634
0.028023
0.026520
0.028457
0.022338
0.023387
0.021728
0.019615
0.018077
0.017077
0.016926
0.013068
0.013874
0.011565
0.014366
0.012579
0.013180
0.010304
0.010540
0.007364
0.005573
0.004994
0.004563
0.003647
0.004283
0.003533
0.003157
0.002553
0.002182
0.001851
0.001424
0.000995
0.000998
0.000787
0.000684
0.000718
0.000712
0.000811
