0.170000
0.115000
0.150000
0.155000
0.155000
0.155000
0.155000
0.155000
0.155000
0.155000
0.155000
0.155000
0.155000
0.155000
0.155000
0.155000
0.155000
0.155000
0.155000
0.155000
0.155000
0.155000
0.155000
0.165000
0.175000
0.205000
0.190000
0.200000
0.225000
0.225000
0.240000
0.230000
0.245000
0.250000
0.255000
0.245000
0.230000
0.255000
0.230000
0.230000
0.245000
0.245000
0.260000
0.280000
0.270000
0.270000
0.285000
0.325000
0.330000
0.310000
0.335000
0.305000
0.265000
0.325000
0.340000
0.390000
0.395000
0.380000
0.375000
0.360000
0.395000
0.395000
0.415000
0.415000
0.475000
0.470000
0.515000
0.520000
0.545000
0.570000
0.560000
0.580000
0.585000
0.570000
0.575000
0.580000
0.595000
0.590000
0.615000
0.625000
0.595000
0.600000
0.610000
0.605000
0.595000
0.590000
0.600000
0.610000
0.630000
0.610000
0.620000
0.620000
0.625000
0.625000
0.620000
0.630000
0.615000
0.625000
0.620000
0.625000
0.625000
0.630000
0.630000
0.630000
0.590000
0.550000
0.580000
0.600000
0.610000
0.620000
0.620000
0.620000
0.620000
0.630000
0.625000
0.625000
0.630000
0.630000
0.620000
0.630000
0.625000
0.630000
0.630000
0.630000
0.630000
0.635000
0.635000
0.635000
0.635000
0.635000
0.635000
0.635000
0.635000
0.605000
0.615000
0.630000
0.605000
0.650000
0.620000
0.665000
0.665000
0.690000
0.670000
0.620000
0.660000
0.650000
0.560000
0.450000
0.525000
0.550000
