0.180000
0.180000
0.180000
0.195000
0.200000
0.200000
0.210000
0.245000
0.240000
0.280000
0.260000
0.305000
0.275000
0.275000
0.265000
0.320000
0.280000
0.345000
0.325000
0.320000
0.345000
0.340000
0.350000
0.355000
0.340000
0.375000
0.380000
0.380000
0.365000
0.385000
0.380000
0.405000
0.440000
0.430000
0.395000
0.425000
0.455000
0.445000
0.455000
0.465000
0.475000
0.515000
0.530000
0.545000
0.575000
0.555000
0.525000
0.545000
0.585000
0.560000
0.610000
0.610000
0.605000
0.635000
0.585000
0.615000
0.555000
0.640000
0.545000
0.625000
0.635000
0.640000
0.610000
0.585000
0.640000
0.595000
0.655000
0.670000
0.675000
0.645000
0.640000
0.660000
0.680000
0.680000
0.715000
0.755000
0.745000
0.705000
0.725000
0.755000
0.755000
0.725000
0.765000
0.785000
0.815000
0.810000
0.775000
0.805000
0.755000
0.810000
0.800000
0.820000
0.800000
0.825000
0.820000
0.805000
0.815000
0.825000
0.825000
0.805000
0.830000
0.825000
0.830000
0.820000
0.825000
0.820000
0.830000
0.830000
0.835000
0.825000
0.825000
0.830000
0.835000
0.825000
0.795000
0.800000
0.715000
0.795000
0.735000
0.610000
0.675000
0.700000
0.660000
0.755000
0.750000
0.810000
0.830000
0.845000
0.825000
0.895000
0.910000
0.900000
0.955000
0.960000
0.965000
0.980000
0.960000
0.950000
0.950000
0.970000
0.935000
0.970000
0.965000
0.995000
0.995000
0.995000
1.000000
0.995000
1.000000
1.000000
