0.135000
0.160000
0.130000
0.145000
0.160000
0.160000
0.160000
0.160000
0.175000
0.200000
0.195000
0.220000
0.200000
0.160000
0.225000
0.240000
0.240000
0.295000
0.195000
0.255000
0.275000
0.255000
0.305000
0.290000
0.295000
0.290000
0.295000
0.325000
0.335000
0.360000
0.375000
0.400000
0.365000
0.395000
0.390000
0.425000
0.420000
0.435000
0.410000
0.440000
0.435000
0.415000
0.450000
0.390000
0.470000
0.460000
0.480000
0.470000
0.505000
0.525000
0.525000
0.550000
0.545000
0.565000
0.565000
0.520000
0.395000
0.495000
0.500000
0.560000
0.540000
0.570000
0.555000
0.565000
0.545000
0.560000
0.570000
0.575000
0.610000
0.615000
0.590000
0.600000
0.620000
0.620000
0.665000
0.645000
0.680000
0.655000
0.635000
0.685000
0.640000
0.675000
0.695000
0.710000
0.750000
0.815000
0.810000
0.855000
0.860000
0.825000
0.865000
0.920000
0.910000
0.880000
0.915000
0.905000
0.905000
0.940000
0.925000
0.905000
0.935000
0.940000
0.850000
0.930000
0.930000
0.945000
0.925000
0.965000
0.960000
0.900000
0.975000
1.000000
0.975000
1.000000
1.000000
1.000000
1.000000
0.995000
0.995000
1.000000
1.000000
1.000000
1.000000
1.000000
1.000000
0.985000
0.990000
0.995000
1.000000
1.000000
1.000000
1.000000
1.000000
1.000000
1.000000
1.000000
1.000000
1.000000
1.000000
1.000000
1.000000
1.000000
1.000000
1.000000
1.000000
1.000000
1.000000
1.000000
1.000000
1.000000
