0.130000
0.175000
0.175000
0.175000
0.175000
0.175000
0.180000
0.190000
0.190000
0.235000
0.245000
0.250000
0.275000
0.260000
0.270000
0.295000
0.310000
0.345000
0.315000
0.300000
0.355000
0.355000
0.375000
0.405000
0.430000
0.430000
0.400000
0.470000
0.485000
0.490000
0.515000
0.510000
0.515000
0.540000
0.585000
0.590000
0.620000
0.565000
0.555000
0.640000
0.680000
0.615000
0.705000
0.720000
0.705000
0.715000
0.730000
0.780000
0.740000
0.760000
0.710000
0.775000
0.755000
0.750000
0.755000
0.785000
0.785000
0.810000
0.790000
0.780000
0.740000
0.735000
0.670000
0.795000
0.795000
0.740000
0.835000
0.795000
0.775000
0.665000
0.640000
0.635000
0.695000
0.705000
0.710000
0.725000
0.805000
0.725000
0.785000
0.740000
0.745000
0.810000
0.820000
0.840000
0.890000
0.840000
0.900000
0.870000
0.950000
0.890000
0.915000
0.920000
0.970000
0.900000
0.940000
0.920000
0.955000
0.970000
0.935000
0.965000
0.935000
0.935000
0.970000
0.950000
0.980000
0.975000
0.980000
0.985000
0.995000
0.970000
0.990000
0.990000
0.985000
0.980000
0.980000
0.985000
0.980000
0.980000
0.970000
0.985000
0.955000
0.985000
0.995000
0.970000
0.985000
0.995000
0.975000
0.900000
0.610000
0.450000
0.495000
0.530000
0.530000
0.565000
0.645000
0.660000
0.770000
0.765000
0.760000
0.810000
0.820000
0.830000
0.850000
0.840000
0.845000
0.820000
0.850000
0.840000
0.875000
0.930000
