0.160000
0.155000
0.170000
0.170000
0.170000
0.170000
0.170000
0.170000
0.175000
0.175000
0.185000
0.215000
0.190000
0.180000
0.185000
0.185000
0.225000
0.270000
0.185000
0.180000
0.185000
0.185000
0.200000
0.285000
0.290000
0.235000
0.310000
0.315000
0.310000
0.300000
0.320000
0.300000
0.325000
0.320000
0.305000
0.330000
0.315000
0.315000
0.325000
0.330000
0.330000
0.335000
0.330000
0.335000
0.345000
0.340000
0.340000
0.345000
0.340000
0.345000
0.345000
0.415000
0.365000
0.445000
0.370000
0.385000
0.440000
0.445000
0.490000
0.435000
0.460000
0.495000
0.505000
0.495000
0.495000
0.445000
0.405000
0.420000
0.505000
0.525000
0.525000
0.510000
0.540000
0.545000
0.515000
0.505000
0.555000
0.560000
0.580000
0.605000
0.620000
0.605000
0.620000
0.635000
0.615000
0.660000
0.670000
0.655000
0.655000
0.675000
0.660000
0.670000
0.690000
0.670000
0.695000
0.735000
0.715000
0.715000
0.715000
0.740000
0.740000
0.780000
0.750000
0.740000
0.620000
0.570000
0.490000
0.450000
0.475000
0.525000
0.535000
0.590000
0.590000
0.620000
0.660000
0.640000
0.675000
0.690000
0.705000
0.735000
0.745000
0.755000
0.765000
0.715000
0.750000
0.725000
0.795000
0.745000
0.800000
0.775000
0.785000
0.800000
0.755000
0.805000
0.710000
0.775000
0.785000
0.745000
0.785000
0.700000
0.610000
0.700000
0.730000
0.815000
0.820000
0.850000
0.915000
0.800000
0.795000
0.875000
