0.185434
0.062944
0.062751
0.062751
0.062712
0.062712
0.062712
0.062712
0.062712
0.062712
0.062712
0.062712
0.062712
0.062712
0.062712
0.062712
0.062712
0.062712
0.062712
0.062595
0.062595
0.062478
0.062478
0.062478
0.062478
0.062478
0.062478
0.062478
0.062361
0.062244
0.061893
0.062283
0.061662
0.061974
0.061778
0.060808
0.060657
0.059941
0.059539
0.060377
0.063832
0.061280
0.061736
0.060993
0.061264
0.061378
0.059978
0.060758
0.059380
0.060572
0.059704
0.059774
0.058667
0.058676
0.058780
0.056746
0.057302
0.057421
0.056770
0.057616
0.058156
0.056728
0.055940
0.055428
0.055453
0.055509
0.056734
0.057610
0.058803
0.057865
0.054012
0.054460
0.051920
0.054547
0.055570
0.050194
0.053387
0.051492
0.053720
0.050508
0.050547
0.050048
0.049695
0.050019
0.049151
0.048642
0.049364
0.048061
0.047437
0.046720
0.046233
0.046714
0.045131
0.046316
0.044535
0.044343
0.044498
0.041776
0.042303
0.037877
0.039949
0.041187
0.037134
0.038348
0.038975
0.035194
0.037258
0.036615
0.035725
0.035625
0.041361
0.040603
0.038681
0.037149
0.036553
0.037039
0.034818
0.035474
0.032480
0.029804
0.029919
0.029250
0.026830
0.030824
0.031991
0.032872
0.029104
0.027759
0.027523
0.029121
0.036005
0.028896
0.023313
0.025996
0.025418
0.026619
0.026853
0.023187
0.024773
0.025233
0.025811
0.021844
0.023460
0.024069
0.025687
0.022274
0.023197
0.024148
0.024137
0.022926
