0.132437
0.063641
0.062751
0.062751
0.062712
0.062712
0.062712
0.062751
0.062673
0.062962
0.061567
0.061744
0.061857
0.062207
0.061026
0.058102
0.056132
0.057146
0.058728
0.056748
0.054829
0.055227
0.055750
0.052989
0.051451
0.049951
0.048904
0.048937
0.049937
0.047031
0.046928
0.047410
0.046714
0.047881
0.047387
0.048729
0.047180
0.047030
0.045645
0.045995
0.045344
0.045559
0.046934
0.046091
0.043020
0.042772
0.045394
0.043757
0.045418
0.044704
0.044088
0.044004
0.044339
0.043960
0.044776
0.043859
0.041937
0.041166
0.037779
0.038546
0.039923
0.037022
0.037149
0.036331
0.040085
0.044100
0.042786
0.041933
0.040606
0.035054
0.036512
0.035640
0.036801
0.038480
0.035109
0.036967
0.032788
0.033908
0.029080
0.034152
0.029294
0.030783
0.031897
0.032890
0.034164
0.032040
0.029757
0.029333
0.030719
0.029660
0.029126
0.027804
0.027692
0.027973
0.027729
0.026142
0.026218
0.023672
0.024308
0.023620
0.021028
0.019523
0.025222
0.021407
0.036282
0.044655
0.043332
0.047670
0.039981
0.039521
0.037499
0.036000
0.036145
0.034058
0.030893
0.031931
0.029964
0.027481
0.026763
0.023779
0.025336
0.023310
0.022535
0.023443
0.025576
0.024413
0.020442
0.018762
0.019448
0.019625
0.018387
0.018999
0.020670
0.018796
0.022399
0.022516
0.022357
0.022396
0.021110
0.024332
0.035469
0.034407
0.024065
0.017448
0.018250
0.019246
0.009832
0.023502
0.019129
0.015328
