0.179677
0.063467
0.062289
0.061645
0.062502
0.061893
0.062144
0.060956
0.059049
0.059407
0.056451
0.055737
0.057550
0.059559
0.056760
0.056809
0.055286
0.055127
0.054614
0.054914
0.054357
0.052821
0.053988
0.054382
0.053734
0.051613
0.052219
0.053435
0.051916
0.052848
0.051812
0.052248
0.052472
0.052550
0.051140
0.051516
0.049843
0.050453
0.049292
0.046900
0.048507
0.047574
0.045617
0.044748
0.043130
0.042506
0.044262
0.043838
0.044565
0.043001
0.041799
0.038386
0.039797
0.040410
0.039033
0.038470
0.040178
0.036940
0.040428
0.033114
0.029426
0.030369
0.032572
0.032520
0.032293
0.029484
0.030211
0.028369
0.029142
0.027100
0.026709
0.025505
0.024271
0.025014
0.021488
0.023931
0.023599
0.024150
0.025810
0.019237
0.021050
0.022716
0.022411
0.019943
0.017383
0.018091
0.019305
0.018299
0.018973
0.018565
0.017082
0.016873
0.016429
0.014290
0.014565
0.016124
0.015230
0.013501
0.014318
0.013324
0.013521
0.013436
0.012260
0.014569
0.014100
0.012034
0.012241
0.013911
0.011857
0.011650
0.012593
0.010750
0.011394
0.011276
0.015914
0.017922
0.026453
0.023039
0.022763
0.026752
0.025284
0.029184
0.029175
0.025058
0.024386
0.019051
0.013690
0.013083
0.014590
0.009972
0.008992
0.007241
0.006516
0.004545
0.003785
0.003421
0.004070
0.003336
0.003978
0.004101
0.005096
0.004220
0.003317
0.002012
0.001124
0.000767
0.000576
0.000806
0.001007
0.000512
