0.180997
0.063740
0.062751
0.062712
0.062712
0.062712
0.062712
0.062712
0.062712
0.062712
0.062712
0.062712
0.062712
0.062712
0.062712
0.062712
0.062712
0.062712
0.062712
0.062712
0.062712
0.062712
0.062712
0.062363
0.062245
0.061904
0.062179
0.061779
0.060770
0.060319
0.061429
0.061234
0.061142
0.060637
0.059857
0.060100
0.060334
0.061103
0.060351
0.059648
0.060134
0.060716
0.057466
0.058646
0.059469
0.057872
0.059038
0.059057
0.057711
0.056801
0.057691
0.057066
0.057885
0.057408
0.057122
0.054660
0.053991
0.053511
0.054673
0.057349
0.053248
0.053247
0.051705
0.050122
0.047989
0.048469
0.046004
0.046209
0.043669
0.042224
0.042406
0.039453
0.040874
0.040880
0.039421
0.039780
0.039561
0.040394
0.037426
0.038442
0.036944
0.036647
0.036303
0.035115
0.036269
0.039794
0.036511
0.039047
0.035979
0.034449
0.034761
0.035940
0.034258
0.033997
0.034111
0.035453
0.035022
0.036388
0.032530
0.032766
0.033726
0.033694
0.032595
0.035443
0.037123
0.044753
0.038695
0.037304
0.035522
0.035204
0.035747
0.034613
0.033315
0.034755
0.031996
0.034387
0.033409
0.034193
0.032362
0.033188
0.032375
0.034996
0.034834
0.034620
0.032291
0.031278
0.031181
0.032609
0.033892
0.034702
0.032948
0.033727
0.031787
0.037940
0.036943
0.036318
0.034493
0.032344
0.031307
0.033100
0.031471
0.032089
0.029427
0.038227
0.036332
0.032627
0.042840
0.049323
0.046430
0.042917
