0.090307
0.062987
0.062751
0.062712
0.062712
0.062712
0.062595
0.062400
0.062602
0.061982
0.062179
0.061542
0.060812
0.060644
0.060520
0.059655
0.060076
0.058359
0.060685
0.059110
0.056502
0.058274
0.056750
0.054093
0.051605
0.054073
0.054338
0.049159
0.047251
0.049669
0.049889
0.049378
0.047446
0.044350
0.044068
0.042300
0.043422
0.046563
0.042668
0.041182
0.038298
0.038669
0.037597
0.036076
0.034183
0.034443
0.032762
0.032129
0.032563
0.030319
0.031967
0.032125
0.028999
0.030832
0.030050
0.029432
0.026491
0.026904
0.029974
0.027682
0.030901
0.032161
0.029024
0.026671
0.026233
0.023876
0.022212
0.019555
0.024056
0.033644
0.040723
0.042432
0.041110
0.035777
0.036940
0.034318
0.029628
0.028993
0.024918
0.024431
0.022841
0.022324
0.020794
0.019788
0.019616
0.017371
0.018395
0.018995
0.017434
0.018931
0.016359
0.017612
0.015929
0.017690
0.015135
0.015964
0.015472
0.015971
0.015327
0.013953
0.014234
0.014190
0.013091
0.012760
0.013461
0.013966
0.012704
0.012870
0.011091
0.010732
0.011545
0.011665
0.011823
0.010696
0.011762
0.013031
0.011605
0.011671
0.011772
0.012964
0.013088
0.011548
0.011751
0.011375
0.011500
0.011865
0.008264
0.013036
0.043305
0.050828
0.049452
0.045901
0.045550
0.042835
0.038686
0.035666
0.026821
0.028599
0.027251
0.023094
0.021002
0.020067
0.021504
0.019194
0.019122
0.019610
0.018451
0.016741
0.013373
0.010028
