0.275988
0.066008
0.062906
0.062679
0.062517
0.062595
0.062634
0.062635
0.061971
0.061288
0.060459
0.062059
0.061617
0.062595
0.059164
0.058992
0.058860
0.057975
0.061812
0.058411
0.057150
0.056143
0.056045
0.052232
0.053740
0.053947
0.053363
0.054269
0.052739
0.051762
0.053603
0.052942
0.054111
0.053970
0.051802
0.051056
0.048609
0.050365
0.051077
0.049110
0.052727
0.049976
0.046991
0.050256
0.046659
0.043858
0.046347
0.047135
0.046993
0.043914
0.043291
0.041783
0.040934
0.039597
0.041640
0.046049
0.050177
0.048374
0.044711
0.041720
0.041442
0.040337
0.039397
0.040558
0.039641
0.039155
0.037785
0.037664
0.038296
0.036400
0.037122
0.034685
0.035102
0.036256
0.031962
0.029088
0.035558
0.036433
0.034806
0.029241
0.030901
0.030908
0.030124
0.025656
0.026156
0.020849
0.019032
0.015688
0.015756
0.017828
0.013205
0.008803
0.008441
0.010475
0.009749
0.009877
0.008039
0.006066
0.006269
0.007901
0.006665
0.010152
0.011359
0.006129
0.005980
0.004541
0.004966
0.004319
0.003990
0.007525
0.002701
0.001796
0.002270
0.001628
0.001334
0.001095
0.000751
0.001237
0.000793
0.000778
0.000683
0.000753
0.000826
0.000669
0.000472
0.001005
0.001570
0.000868
0.000936
0.000437
0.000427
0.000425
0.000319
0.000460
0.000285
0.000222
0.000316
0.000352
0.000222
0.000351
0.000260
0.000247
0.000166
0.000197
0.000276
0.000205
0.000146
0.000293
0.000269
0.000154
