0.096068
0.074435
0.072022
0.072740
0.071203
0.071670
0.071828
0.080076
0.071990
0.071828
0.071670
0.070008
0.069187
0.077443
0.068859
0.069077
0.067384
0.066483
0.063878
0.065500
0.065337
0.064487
0.061101
0.063453
0.064024
0.064351
0.063339
0.065508
0.063426
0.059867
0.060650
0.064069
0.060516
0.061219
0.063805
0.061838
0.062271
0.061722
0.060456
0.060063
0.060199
0.060468
0.060068
0.062569
0.062359
0.063025
0.060828
0.067599
0.061213
0.058296
0.061989
0.061035
0.061542
0.059458
0.058404
0.058330
0.060852
0.059294
0.058580
0.056514
0.055221
0.055235
0.057706
0.053269
0.054697
0.053847
0.057112
0.060097
0.056210
0.056781
0.055487
0.055487
0.053637
0.053913
0.056623
0.054742
0.056787
0.055763
0.055421
0.057423
0.057558
0.049399
0.054383
0.047950
0.068689
0.057397
0.056824
0.046452
0.055936
0.045240
0.053204
0.051662
0.044818
0.047492
0.047226
0.045721
0.045860
0.043292
0.042409
0.048857
0.046979
0.043058
0.046178
0.042083
0.040033
0.037667
0.042451
0.041160
0.042226
0.043351
0.043262
0.039150
0.036917
0.038819
0.035167
0.035551
0.029202
0.035368
0.033079
0.036349
0.033781
0.032998
0.032671
0.037343
0.033803
0.032609
0.039110
0.035838
0.039717
0.030205
0.034685
0.033036
0.032350
0.030218
0.039068
0.036829
0.031817
0.037157
0.025012
0.032497
0.026430
0.027337
0.025306
0.026081
0.028807
0.031382
0.027205
0.029412
0.030192
0.025858
