0.078670
0.085509
0.078642
0.076336
0.074749
0.072768
0.075738
0.073693
0.074589
0.070134
0.067792
0.069058
0.071361
0.065843
0.063832
0.071631
0.062826
0.065201
0.058217
0.058502
0.054529
0.063932
0.064255
0.059420
0.057869
0.055555
0.055939
0.052610
0.055938
0.051797
0.054711
0.059877
0.050946
0.051669
0.051150
0.051433
0.049405
0.053133
0.045303
0.049033
0.047931
0.044350
0.048820
0.043378
0.042690
0.035406
0.039302
0.036792
0.038509
0.032448
0.032723
0.035886
0.039537
0.031540
0.030283
0.026699
0.027579
0.025685
0.028251
0.022556
0.022067
0.017880
0.019438
0.015883
0.018806
0.016077
0.018875
0.018864
0.021224
0.019046
0.013290
0.013847
0.011734
0.012126
0.013975
0.011204
0.016529
0.018216
0.042788
0.012613
0.031527
0.013910
0.021436
0.015982
0.017889
0.015634
0.013158
0.012723
0.012735
0.018267
0.015562
0.015451
0.011221
0.011362
0.010493
0.011266
0.012120
0.008079
0.009157
0.010626
0.007611
0.007520
0.006797
0.008369
0.010297
0.011569
0.004776
0.012262
0.013909
0.010110
0.011831
0.011032
0.009672
0.007070
0.010767
0.007936
0.006261
0.007476
0.005297
0.003604
0.005520
0.003939
0.004115
0.002859
0.003766
0.001999
0.001925
0.002632
0.002846
0.002615
0.003246
0.002179
0.002180
0.002453
0.002230
0.001725
0.002718
0.001977
0.001731
0.003413
0.000955
0.001192
0.001836
0.000944
0.001143
0.001872
0.001428
0.001244
0.002199
0.001028
