0.118815
0.089004
0.080185
0.071560
0.072195
0.071185
0.069774
0.069754
0.066583
0.069572
0.067963
0.063045
0.062508
0.064292
0.063661
0.059757
0.059974
0.059605
0.059993
0.055028
0.052599
0.054064
0.054570
0.054029
0.051128
0.048970
0.046691
0.049809
0.053894
0.051931
0.052092
0.045284
0.049299
0.049866
0.040636
0.041653
0.043899
0.041214
0.045936
0.040139
0.043124
0.046822
0.047058
0.045052
0.040330
0.042052
0.040715
0.038893
0.050780
0.038080
0.038437
0.036308
0.039467
0.040067
0.041994
0.035920
0.039850
0.049434
0.048309
0.046485
0.041213
0.036342
0.040870
0.053623
0.041392
0.039685
0.038335
0.032977
0.035552
0.027986
0.027911
0.027946
0.027653
0.024253
0.024321
0.020487
0.021677
0.021781
0.015962
0.021623
0.023739
0.025885
0.018715
0.021129
0.021148
0.026685
0.020855
0.015795
0.016428
0.016143
0.018121
0.012627
0.012866
0.015174
0.012528
0.014825
0.010129
0.014844
0.015341
0.013490
0.012042
0.019096
0.023543
0.020313
0.023253
0.014695
0.017064
0.009300
0.023127
0.011868
0.019029
0.013497
0.015689
0.014953
0.012361
0.010526
0.013235
0.013860
0.010255
0.013823
0.007926
0.012539
0.013787
0.009902
0.012126
0.004906
0.013392
0.012641
0.006537
0.004567
0.010877
0.005990
0.004820
0.003676
0.005803
0.011876
0.007107
0.008139
0.010748
0.005485
0.004426
0.004803
0.005003
0.010110
0.003989
0.007925
0.006873
0.004409
0.004127
0.003477
