0.102542
0.072652
0.070848
0.070713
0.071670
0.070371
0.069602
0.070112
0.070115
0.071670
0.071670
0.071670
0.071670
0.071203
0.070893
0.071670
0.071670
0.070809
0.069690
0.069655
0.068026
0.067785
0.068210
0.070536
0.066715
0.067925
0.068508
0.068025
0.067197
0.068979
0.064768
0.067454
0.065763
0.064558
0.064731
0.065094
0.066303
0.069541
0.067481
0.066615
0.068644
0.064960
0.066225
0.062778
0.065086
0.061565
0.067037
0.059480
0.061508
0.060852
0.065241
0.066564
0.064967
0.056700
0.060285
0.061680
0.059820
0.060611
0.059480
0.054159
0.058857
0.059388
0.058847
0.060301
0.059624
0.059378
0.055045
0.055363
0.051893
0.059880
0.056191
0.055511
0.054567
0.054587
0.054768
0.052698
0.052668
0.051540
0.058103
0.042457
0.039425
0.040765
0.046581
0.042968
0.035017
0.045087
0.043063
0.037758
0.046242
0.035535
0.031096
0.031854
0.027989
0.031935
0.025688
0.022213
0.028802
0.021980
0.025772
0.021533
0.023262
0.020258
0.022413
0.023890
0.045100
0.030570
0.023349
0.023169
0.024791
0.018549
0.024206
0.022021
0.011937
0.018791
0.020389
0.012177
0.016508
0.021627
0.016151
0.013512
0.012411
0.010015
0.010681
0.012738
0.010827
0.009207
0.017034
0.013648
0.009682
0.012048
0.008529
0.010197
0.007853
0.009198
0.005881
0.005211
0.007625
0.005100
0.008919
0.013018
0.007033
0.008577
0.007699
0.007394
0.011418
0.005124
0.013878
0.007678
0.008102
0.002350
