0.084061
0.083193
0.072865
0.072142
0.071845
0.074062
0.072249
0.071028
0.072276
0.069712
0.072543
0.069981
0.068418
0.068851
0.070687
0.067260
0.068312
0.066490
0.068006
0.067542
0.067226
0.065960
0.064664
0.064451
0.067512
0.071078
0.065979
0.063950
0.065659
0.063591
0.063277
0.060993
0.061634
0.062165
0.063339
0.060646
0.067737
0.060142
0.061625
0.062481
0.062965
0.063440
0.062494
0.064756
0.064054
0.060719
0.062707
0.061726
0.061352
0.063229
0.060802
0.062332
0.064383
0.061354
0.063423
0.056975
0.065318
0.062353
0.061973
0.060210
0.067763
0.059647
0.064089
0.063363
0.061745
0.060787
0.062430
0.065840
0.063398
0.060329
0.060212
0.060256
0.057585
0.058503
0.056528
0.059473
0.060175
0.053802
0.062516
0.060787
0.058437
0.058124
0.059565
0.057349
0.057354
0.053736
0.053683
0.059619
0.049438
0.060596
0.052823
0.059030
0.052527
0.053728
0.053414
0.050129
0.052964
0.048133
0.041008
0.040563
0.044155
0.043220
0.043547
0.043543
0.034303
0.034547
0.037733
0.034170
0.032588
0.032803
0.038984
0.031745
0.029083
0.030780
0.036153
0.027769
0.036951
0.028284
0.022479
0.024341
0.029028
0.026945
0.029638
0.026006
0.024852
0.023972
0.025019
0.022163
0.020972
0.021748
0.019231
0.026928
0.016784
0.020016
0.025939
0.018460
0.020659
0.017543
0.017792
0.016526
0.014338
0.010876
0.016337
0.014597
0.016460
0.014298
0.016812
0.013482
0.014494
0.013230
