0.099091
0.085177
0.083335
0.073961
0.073974
0.071950
0.070337
0.072354
0.068112
0.071840
0.067129
0.069051
0.063885
0.066191
0.066714
0.070070
0.069619
0.066696
0.070017
0.063341
0.063522
0.064410
0.061522
0.064436
0.065036
0.062645
0.062284
0.060312
0.060197
0.064399
0.058223
0.061650
0.059252
0.058056
0.056690
0.056505
0.058337
0.050172
0.060668
0.055504
0.055154
0.051803
0.048609
0.050906
0.050078
0.051457
0.052103
0.048575
0.052237
0.048327
0.050299
0.044471
0.046125
0.042561
0.042482
0.041737
0.038344
0.036252
0.035414
0.040128
0.032957
0.041173
0.043330
0.042257
0.046154
0.039816
0.042376
0.036685
0.035455
0.037084
0.036680
0.033643
0.033837
0.033137
0.031236
0.031717
0.029424
0.034241
0.026269
0.028903
0.030205
0.026360
0.025359
0.031466
0.038362
0.036806
0.028091
0.028419
0.023689
0.025554
0.031897
0.026514
0.033636
0.028070
0.026934
0.024694
0.029948
0.023776
0.021771
0.020704
0.025175
0.023335
0.025071
0.020124
0.023812
0.018872
0.019710
0.021467
0.016190
0.019143
0.020151
0.017266
0.018283
0.019107
0.012834
0.016530
0.017234
0.012327
0.015597
0.014945
0.013920
0.015173
0.010635
0.012615
0.014034
0.016766
0.013085
0.011779
0.017051
0.014643
0.010357
0.014698
0.014382
0.009357
0.012983
0.015203
0.011029
0.021144
0.017047
0.014696
0.014282
0.016541
0.017659
0.013745
0.016230
0.016781
0.011376
0.014831
0.018287
0.015438
