0.130000
0.145000
0.165000
0.185000
0.180000
0.165000
0.185000
0.190000
0.170000
0.185000
0.210000
0.210000
0.205000
0.215000
0.210000
0.215000
0.200000
0.260000
0.230000
0.240000
0.230000
0.230000
0.225000
0.250000
0.275000
0.265000
0.280000
0.305000
0.255000
0.275000
0.265000
0.285000
0.290000
0.295000
0.330000
0.310000
0.325000
0.330000
0.345000
0.355000
0.335000
0.365000
0.350000
0.335000
0.345000
0.355000
0.380000
0.360000
0.405000
0.390000
0.410000
0.410000
0.445000
0.435000
0.455000
0.425000
0.400000
0.400000
0.395000
0.425000
0.395000
0.395000
0.460000
0.435000
0.515000
0.445000
0.455000
0.470000
0.525000
0.545000
0.565000
0.470000
0.455000
0.505000
0.540000
0.565000
0.550000
0.515000
0.505000
0.540000
0.575000
0.625000
0.625000
0.705000
0.660000
0.610000
0.690000
0.720000
0.780000
0.700000
0.790000
0.705000
0.680000
0.765000
0.750000
0.770000
0.760000
0.730000
0.760000
0.700000
0.695000
0.715000
0.745000
0.765000
0.800000
0.740000
0.760000
0.835000
0.845000
0.795000
0.815000
0.870000
0.785000
0.835000
0.875000
0.855000
0.875000
0.870000
0.880000
0.885000
0.860000
0.870000
0.845000
0.855000
0.855000
0.905000
0.890000
0.900000
0.930000
0.890000
0.915000
0.910000
0.915000
0.895000
0.940000
0.940000
0.925000
0.935000
0.935000
0.970000
0.950000
0.890000
0.915000
0.875000
0.930000
0.920000
0.925000
0.910000
0.870000
0.890000
