0.150000
0.170000
0.170000
0.170000
0.170000
0.170000
0.170000
0.170000
0.175000
0.165000
0.210000
0.180000
0.175000
0.170000
0.190000
0.215000
0.210000
0.200000
0.180000
0.210000
0.230000
0.250000
0.230000
0.265000
0.335000
0.350000
0.345000
0.365000
0.370000
0.350000
0.385000
0.335000
0.350000
0.360000
0.410000
0.400000
0.375000
0.395000
0.445000
0.435000
0.465000
0.440000
0.450000
0.435000
0.465000
0.475000
0.450000
0.515000
0.530000
0.525000
0.605000
0.600000
0.525000
0.605000
0.595000
0.605000
0.645000
0.630000
0.570000
0.640000
0.660000
0.695000
0.665000
0.730000
0.710000
0.655000
0.700000
0.680000
0.710000
0.735000
0.680000
0.705000
0.700000
0.745000
0.780000
0.720000
0.775000
0.755000
0.720000
0.720000
0.765000
0.725000
0.750000
0.820000
0.765000
0.700000
0.685000
0.690000
0.755000
0.800000
0.815000
0.795000
0.820000
0.775000
0.840000
0.815000
0.790000
0.765000
0.870000
0.810000
0.800000
0.760000
0.880000
0.785000
0.760000
0.770000
0.830000
0.855000
0.870000
0.820000
0.870000
0.885000
0.860000
0.820000
0.840000
0.860000
0.795000
0.875000
0.820000
0.855000
0.850000
0.900000
0.850000
0.875000
0.870000
0.900000
0.895000
0.900000
0.865000
0.925000
0.895000
0.865000
0.915000
0.920000
0.880000
0.915000
0.910000
0.850000
0.920000
0.855000
0.900000
0.915000
0.910000
0.845000
0.920000
0.880000
0.840000
0.930000
0.860000
0.940000
