0.150000
0.175000
0.175000
0.175000
0.175000
0.175000
0.180000
0.180000
0.185000
0.220000
0.240000
0.205000
0.195000
0.235000
0.245000
0.250000
0.245000
0.215000
0.235000
0.195000
0.200000
0.245000
0.250000
0.295000
0.240000
0.235000
0.210000
0.275000
0.275000
0.335000
0.365000
0.370000
0.370000
0.380000
0.335000
0.355000
0.410000
0.385000
0.355000
0.390000
0.420000
0.395000
0.415000
0.395000
0.445000
0.430000
0.370000
0.420000
0.365000
0.435000
0.410000
0.420000
0.445000
0.435000
0.465000
0.470000
0.465000
0.490000
0.475000
0.510000
0.530000
0.530000
0.600000
0.605000
0.575000
0.620000
0.605000
0.675000
0.625000
0.635000
0.685000
0.610000
0.670000
0.620000
0.685000
0.700000
0.685000
0.625000
0.695000
0.670000
0.650000
0.680000
0.665000
0.720000
0.700000
0.730000
0.730000
0.735000
0.715000
0.700000
0.695000
0.695000
0.780000
0.715000
0.745000
0.770000
0.735000
0.785000
0.805000
0.755000
0.810000
0.795000
0.795000
0.820000
0.795000
0.850000
0.865000
0.850000
0.855000
0.870000
0.875000
0.860000
0.885000
0.825000
0.870000
0.840000
0.890000
0.905000
0.855000
0.870000
0.870000
0.855000
0.825000
0.840000
0.885000
0.815000
0.850000
0.920000
0.905000
0.865000
0.905000
0.860000
0.870000
0.895000
0.825000
0.840000
0.810000
0.820000
0.900000
0.915000
0.885000
0.950000
0.910000
0.930000
0.945000
0.935000
0.880000
0.945000
0.930000
0.950000
