0.089381
0.062432
0.062751
0.062752
0.060191
0.067186
0.062636
0.062987
0.062283
0.062190
0.062755
0.060600
0.061141
0.060509
0.059655
0.060019
0.061647
0.059653
0.059919
0.058567
0.056668
0.055316
0.058613
0.055024
0.051511
0.052217
0.050884
0.053502
0.054460
0.059929
0.056428
0.057429
0.058147
0.054165
0.053813
0.050057
0.049194
0.046730
0.047119
0.048220
0.047637
0.048436
0.047074
0.044480
0.043036
0.043509
0.044701
0.041179
0.044744
0.041327
0.039189
0.038686
0.044817
0.038441
0.040107
0.034393
0.032082
0.034454
0.039410
0.033954
0.035663
0.030546
0.027758
0.024001
0.032586
0.030955
0.031362
0.028513
0.030476
0.026658
0.026995
0.028192
0.026156
0.026365
0.022906
0.026546
0.022509
0.021036
0.024157
0.021192
0.020954
0.026757
0.020811
0.019152
0.023427
0.027882
0.030097
0.026662
0.020265
0.019359
0.016011
0.021045
0.019029
0.017887
0.017503
0.017980
0.021713
0.022030
0.013528
0.018728
0.018108
0.018362
0.014875
0.018147
0.020824
0.021926
0.016541
0.014644
0.012949
0.014718
0.013235
0.011815
0.012332
0.018161
0.015388
0.012231
0.016542
0.014514
0.012484
0.012323
0.013588
0.011707
0.011192
0.010235
0.009568
0.010636
0.009931
0.009795
0.013031
0.010984
0.009509
0.009553
0.008078
0.008836
0.010126
0.008910
0.007336
0.012473
0.008375
0.012088
0.009120
0.009290
0.008344
0.015281
0.012919
0.014202
0.012320
0.008745
0.009866
0.005918
