0.128330
0.075821
0.063139
0.062945
0.063613
0.063149
0.062318
0.061061
0.060406
0.060807
0.060430
0.060047
0.061045
0.059744
0.059791
0.059536
0.059027
0.057529
0.057155
0.058815
0.059358
0.058101
0.056463
0.057853
0.058424
0.057312
0.055231
0.056007
0.056405
0.056128
0.053722
0.055312
0.055950
0.056580
0.056690
0.055449
0.057300
0.056204
0.052526
0.054859
0.053130
0.051637
0.048713
0.063862
0.059410
0.057652
0.056965
0.055838
0.053426
0.055249
0.053657
0.053755
0.052999
0.050168
0.049939
0.048938
0.053303
0.049678
0.049361
0.051409
0.052512
0.048983
0.045013
0.045059
0.042769
0.038831
0.041301
0.037625
0.044966
0.044726
0.037221
0.035009
0.033458
0.034082
0.032544
0.042280
0.053948
0.039359
0.047353
0.047946
0.038677
0.035105
0.030563
0.036992
0.028923
0.024662
0.024023
0.021130
0.024000
0.026752
0.024695
0.022018
0.021376
0.024848
0.032273
0.021735
0.020863
0.018827
0.019930
0.020824
0.020258
0.019290
0.013751
0.015119
0.016385
0.014723
0.015560
0.013432
0.017517
0.015239
0.012563
0.015600
0.010169
0.011574
0.010499
0.013944
0.012478
0.009913
0.016406
0.016447
0.015250
0.014247
0.013943
0.011392
0.010702
0.008964
0.009896
0.007293
0.005758
0.008208
0.006701
0.007436
0.013050
0.016733
0.010184
0.012062
0.012941
0.007844
0.009026
0.006757
0.006252
0.007241
0.007032
0.005810
0.005723
0.006859
0.005241
0.010405
0.008601
0.009212
