0.174181
0.065815
0.063189
0.061781
0.061598
0.062671
0.062478
0.062595
0.062716
0.061162
0.062068
0.061898
0.062403
0.061158
0.061123
0.061828
0.061568
0.064986
0.061633
0.062559
0.061853
0.061572
0.060204
0.059488
0.059215
0.059612
0.060136
0.059359
0.059834
0.057812
0.056708
0.056694
0.056382
0.055059
0.055754
0.056050
0.051743
0.051202
0.056049
0.052934
0.050596
0.050085
0.054028
0.047954
0.049356
0.048554
0.053125
0.050426
0.051090
0.047127
0.049973
0.043230
0.042306
0.040983
0.038944
0.040191
0.041503
0.040458
0.043520
0.041511
0.041835
0.038415
0.038475
0.044211
0.036741
0.035666
0.033492
0.029863
0.032048
0.033859
0.029826
0.034306
0.030897
0.034963
0.033481
0.028234
0.028038
0.039081
0.030909
0.027222
0.037665
0.030362
0.026066
0.025403
0.024040
0.023865
0.023052
0.029909
0.024171
0.025324
0.031977
0.023230
0.021183
0.024806
0.020485
0.022354
0.021239
0.020347
0.016754
0.020497
0.018785
0.016261
0.019986
0.015805
0.015526
0.015197
0.011842
0.014272
0.017559
0.011811
0.013046
0.012128
0.010789
0.013896
0.013946
0.014417
0.011373
0.009443
0.012834
0.013096
0.013276
0.012399
0.014956
0.013440
0.010535
0.012856
0.013099
0.010323
0.010812
0.011211
0.009049
0.010533
0.013906
0.010930
0.013014
0.013565
0.024225
0.016983
0.007962
0.008850
0.009771
0.006294
0.006890
0.006229
0.005966
0.007358
0.011669
0.005202
0.006561
0.005777
