0.123959
0.064595
0.063328
0.063613
0.062564
0.063264
0.062672
0.063322
0.063547
0.062681
0.062835
0.061661
0.060341
0.063346
0.060579
0.060536
0.060047
0.059029
0.058650
0.058886
0.057739
0.056007
0.054097
0.057146
0.055282
0.055022
0.058043
0.057053
0.054688
0.054958
0.049277
0.049559
0.052447
0.052818
0.049171
0.048946
0.051606
0.049664
0.047095
0.051125
0.046889
0.046081
0.048909
0.049324
0.049538
0.047497
0.048621
0.048688
0.047176
0.044578
0.044746
0.044746
0.041942
0.040372
0.052953
0.041585
0.040857
0.035880
0.034535
0.037245
0.035148
0.035989
0.037276
0.035703
0.030346
0.032054
0.025071
0.026357
0.030868
0.036555
0.034512
0.037224
0.027321
0.033145
0.029841
0.028183
0.033047
0.023862
0.020751
0.020879
0.018673
0.023514
0.022285
0.023828
0.018601
0.017246
0.016529
0.015823
0.020576
0.015904
0.016668
0.017808
0.017356
0.018981
0.020396
0.017749
0.015912
0.016095
0.013860
0.017757
0.014975
0.011207
0.013200
0.013996
0.016841
0.014790
0.013757
0.012635
0.013062
0.011634
0.009517
0.009721
0.008836
0.008656
0.009663
0.014254
0.009437
0.009428
0.010641
0.012359
0.013490
0.012255
0.013169
0.013684
0.007433
0.006525
0.005819
0.006737
0.009388
0.006578
0.006436
0.005976
0.008463
0.007728
0.006718
0.005620
0.005153
0.006731
0.006569
0.009495
0.006106
0.005738
0.009628
0.011268
0.011951
0.009779
0.011160
0.014334
0.014828
0.010194
