0.128792
0.068209
0.063345
0.062205
0.063190
0.061822
0.061844
0.059468
0.059034
0.057965
0.059625
0.055639
0.055356
0.056147
0.053092
0.052684
0.055329
0.051871
0.051131
0.048342
0.051848
0.051564
0.048972
0.046151
0.044972
0.042206
0.040792
0.043782
0.041248
0.044240
0.040264
0.047792
0.040634
0.038957
0.036387
0.039459
0.038416
0.041721
0.043999
0.045906
0.039761
0.041387
0.035603
0.034127
0.042162
0.032193
0.034075
0.031107
0.031377
0.032054
0.035360
0.035437
0.032309
0.034796
0.033091
0.030789
0.027307
0.026082
0.025774
0.024515
0.023864
0.022048
0.022930
0.020314
0.025519
0.019234
0.020920
0.018467
0.019359
0.019135
0.019756
0.019322
0.016924
0.016940
0.013493
0.016100
0.016056
0.012023
0.015212
0.012547
0.012407
0.013874
0.016356
0.015322
0.015092
0.014894
0.014941
0.021853
0.017652
0.013014
0.009171
0.008758
0.008047
0.008639
0.008285
0.008888
0.010717
0.006080
0.006896
0.004501
0.006063
0.006239
0.006729
0.006333
0.005994
0.006920
0.009813
0.008865
0.009833
0.011644
0.008986
0.014740
0.012000
0.010408
0.027487
0.013514
0.015667
0.012523
0.015215
0.009383
0.015507
0.009627
0.008084
0.007440
0.007483
0.010208
0.006488
0.006429
0.009921
0.011241
0.013312
0.006972
0.005791
0.005393
0.003959
0.003799
0.003914
0.004131
0.002615
0.004527
0.002784
0.005092
0.005430
0.009926
0.009714
0.010137
0.008597
0.006063
0.006827
0.006100
