0.108960
0.062911
0.062676
0.063466
0.063278
0.062282
0.061596
0.061236
0.061669
0.060977
0.061237
0.060362
0.059245
0.060390
0.059657
0.060341
0.061101
0.060699
0.058485
0.058187
0.057468
0.065062
0.058449
0.057683
0.057522
0.057675
0.056196
0.057417
0.057925
0.056684
0.057294
0.053577
0.056462
0.057088
0.056051
0.054760
0.055527
0.055113
0.054954
0.053608
0.056080
0.054267
0.055954
0.056566
0.054094
0.054816
0.053360
0.053085
0.051849
0.053368
0.053256
0.050987
0.049066
0.046962
0.047486
0.046746
0.053773
0.051782
0.050661
0.056182
0.052512
0.052362
0.047873
0.047533
0.045021
0.046929
0.045576
0.042947
0.039796
0.039437
0.039200
0.045034
0.042482
0.041039
0.039651
0.038038
0.040649
0.041873
0.036615
0.037155
0.034665
0.032129
0.032109
0.030260
0.030384
0.033146
0.029919
0.026713
0.019667
0.026935
0.021485
0.029180
0.028931
0.023318
0.023700
0.019319
0.024523
0.026255
0.027389
0.034560
0.025916
0.024258
0.024701
0.023803
0.019625
0.031968
0.020034
0.022452
0.014651
0.017084
0.018222
0.015041
0.017061
0.018360
0.017121
0.015366
0.013201
0.012217
0.012431
0.011338
0.013407
0.012989
0.014430
0.012473
0.012750
0.011122
0.010195
0.009494
0.008789
0.009569
0.012107
0.008431
0.009714
0.008366
0.005771
0.006236
0.007535
0.005376
0.007013
0.003790
0.005371
0.010279
0.007898
0.012917
0.006152
0.006583
0.006524
0.009295
0.014234
0.009499
