0.135000
0.190000
0.225000
0.265000
0.310000
0.365000
0.375000
0.385000
0.380000
0.435000
0.565000
0.515000
0.565000
0.565000
0.540000
0.535000
0.610000
0.595000
0.575000
0.625000
0.580000
0.650000
0.635000
0.635000
0.650000
0.650000
0.665000
0.645000
0.655000
0.650000
0.670000
0.660000
0.665000
0.670000
0.665000
0.665000
0.670000
0.670000
0.670000
0.670000
0.670000
0.670000
0.675000
0.755000
0.760000
0.760000
0.780000
0.810000
0.785000
0.790000
0.790000
0.815000
0.815000
0.810000
0.810000
0.825000
0.830000
0.835000
0.785000
0.820000
0.815000
0.830000
0.835000
0.825000
0.840000
0.840000
0.840000
0.840000
0.840000
0.840000
0.840000
0.840000
0.840000
0.840000
0.840000
0.840000
0.840000
0.840000
0.840000
0.840000
0.840000
0.840000
0.840000
0.840000
0.840000
0.840000
0.840000
0.840000
0.840000
0.840000
0.840000
0.840000
0.840000
0.840000
0.840000
0.840000
0.840000
0.840000
0.840000
0.840000
0.840000
0.840000
0.840000
0.840000
0.840000
0.840000
0.840000
0.840000
0.840000
0.840000
0.840000
0.840000
0.840000
0.840000
0.840000
0.840000
0.840000
0.840000
0.840000
0.840000
0.840000
0.840000
0.840000
0.840000
0.840000
0.840000
0.840000
0.840000
0.840000
0.840000
0.840000
0.840000
0.840000
0.840000
0.840000
0.840000
0.840000
0.840000
0.840000
0.840000
0.840000
0.840000
0.840000
0.840000
0.840000
0.840000
0.840000
0.840000
0.840000
0.840000
