0.190000
0.225000
0.270000
0.305000
0.290000
0.235000
0.170000
0.175000
0.175000
0.180000
0.185000
0.230000
0.255000
0.260000
0.285000
0.245000
0.290000
0.285000
0.365000
0.400000
0.430000
0.410000
0.435000
0.435000
0.475000
0.470000
0.520000
0.510000
0.515000
0.530000
0.540000
0.540000
0.515000
0.560000
0.615000
0.570000
0.555000
0.615000
0.545000
0.635000
0.660000
0.675000
0.730000
0.640000
0.650000
0.755000
0.735000
0.790000
0.765000
0.775000
0.780000
0.720000
0.765000
0.770000
0.790000
0.775000
0.795000
0.800000
0.820000
0.815000
0.815000
0.815000
0.810000
0.810000
0.820000
0.825000
0.820000
0.820000
0.810000
0.820000
0.790000
0.810000
0.810000
0.825000
0.830000
0.830000
0.830000
0.830000
0.830000
0.830000
0.825000
0.830000
0.825000
0.830000
0.830000
0.830000
0.830000
0.830000
0.830000
0.830000
0.830000
0.830000
0.830000
0.830000
0.830000
0.830000
0.830000
0.830000
0.830000
0.830000
0.830000
0.830000
0.830000
0.830000
0.830000
0.830000
0.830000
0.830000
0.830000
0.830000
0.830000
0.830000
0.830000
0.830000
0.830000
0.830000
0.830000
0.830000
0.830000
0.830000
0.830000
0.830000
0.830000
0.830000
0.830000
0.830000
0.830000
0.830000
0.830000
0.830000
0.830000
0.830000
0.830000
0.830000
0.830000
0.830000
0.830000
0.830000
0.830000
0.830000
0.830000
0.830000
0.830000
0.830000
0.825000
0.830000
0.830000
0.815000
0.830000
0.825000
