0.207425
0.061317
0.067200
0.062228
0.061761
0.060370
0.060817
0.060025
0.060017
0.058819
0.057460
0.056855
0.058118
0.056139
0.054648
0.055955
0.055923
0.055409
0.054784
0.054254
0.054092
0.053587
0.054339
0.055162
0.053853
0.053581
0.054204
0.053379
0.053207
0.052277
0.053195
0.053843
0.052115
0.052025
0.052021
0.052875
0.053613
0.051388
0.051287
0.054220
0.053461
0.053525
0.051241
0.052564
0.051921
0.050131
0.051088
0.052155
0.053121
0.050963
0.051072
0.052442
0.049513
0.051065
0.049479
0.049459
0.048836
0.051143
0.050172
0.047814
0.050910
0.050904
0.049082
0.048385
0.049117
0.051192
0.049893
0.049023
0.050172
0.048030
0.050126
0.049662
0.053580
0.048625
0.047993
0.045976
0.048005
0.048349
0.045028
0.047380
0.047810
0.046877
0.046676
0.047554
0.046028
0.046430
0.046612
0.045680
0.042854
0.043663
0.044833
0.043480
0.044177
0.044679
0.042523
0.042041
0.041011
0.039192
0.042057
0.040432
0.042737
0.042725
0.043079
0.042427
0.040809
0.042973
0.042331
0.040355
0.044573
0.042837
0.043464
0.043457
0.041863
0.041929
0.042656
0.042101
0.042626
0.043328
0.042566
0.041647
0.043191
0.042355
0.040485
0.040798
0.038954
0.043937
0.043316
0.042271
0.042409
0.039956
0.040831
0.040058
0.039340
0.041683
0.042236
0.043147
0.042680
0.042383
0.046618
0.041704
0.038561
0.034406
0.039389
0.039372
0.036048
0.036826
0.032986
0.036300
0.032169
0.031074
