0.133319
0.062790
0.062712
0.062712
0.062712
0.062712
0.062712
0.062712
0.062712
0.062712
0.062712
0.062712
0.062712
0.062712
0.062712
0.062712
0.062712
0.062712
0.062712
0.062712
0.062712
0.062712
0.062712
0.062712
0.062712
0.062712
0.062712
0.062712
0.062712
0.062712
0.062712
0.062712
0.062712
0.062712
0.062712
0.062712
0.062712
0.062712
0.062712
0.062712
0.062712
0.062712
0.062712
0.062712
0.062712
0.062712
0.062712
0.062712
0.062712
0.062712
0.062712
0.062712
0.062712
0.062712
0.062712
0.062712
0.062712
0.062712
0.062127
0.062168
0.062128
0.061738
0.062095
0.061311
0.061903
0.062712
0.062712
0.062712
0.062712
0.062712
0.062712
0.062712
0.062712
0.062712
0.062712
0.062712
0.062712
0.062712
0.062712
0.062712
0.062010
0.062018
0.062011
0.062327
0.061584
0.062209
0.061624
0.061583
0.061743
0.061312
0.061911
0.061577
0.061065
0.061299
0.060203
0.059483
0.060078
0.059712
0.059111
0.058534
0.060847
0.058983
0.059982
0.056444
0.055627
0.057398
0.054426
0.053819
0.055250
0.054567
0.054743
0.052967
0.053625
0.054571
0.053366
0.052595
0.051798
0.052512
0.052528
0.053347
0.054127
0.054153
0.050841
0.054125
0.054087
0.053268
0.052433
0.053292
0.053250
0.054130
0.051609
0.054077
0.053231
0.053230
0.053247
0.054073
0.053230
0.054067
0.054066
0.053230
0.054074
0.053228
0.053227
0.054064
0.053229
0.052384
0.053233
0.054065
0.053935
0.053153
