0.218924
0.070009
0.063153
0.062518
0.063074
0.062712
0.062712
0.062712
0.062712
0.062634
0.062711
0.062330
0.061328
0.062119
0.061419
0.060530
0.059617
0.059660
0.061329
0.057974
0.058424
0.056715
0.058312
0.056870
0.056725
0.056074
0.055816
0.055083
0.055381
0.053929
0.054946
0.053053
0.054484
0.054275
0.054373
0.053321
0.052979
0.053016
0.052874
0.050356
0.051992
0.053899
0.052826
0.052822
0.051930
0.053559
0.052764
0.053525
0.053538
0.051900
0.052692
0.052679
0.051832
0.052757
0.053516
0.051844
0.052696
0.052669
0.051847
0.052661
0.053500
0.052676
0.051841
0.050986
0.051843
0.053511
0.051833
0.053488
0.051831
0.053494
0.051804
0.053484
0.053501
0.053500
0.052640
0.050965
0.051803
0.051802
0.051802
0.052651
0.051806
0.051800
0.053482
0.051819
0.052641
0.052639
0.053378
0.050735
0.053309
0.051656
0.052545
0.052472
0.051412
0.053460
0.053616
0.052451
0.052373
0.051700
0.052222
0.052137
0.050612
0.050182
0.049819
0.048249
0.048618
0.047374
0.049042
0.048430
0.046038
0.047908
0.046202
0.046741
0.049212
0.048945
0.047290
0.045153
0.047736
0.047517
0.047515
0.047656
0.043977
0.045199
0.045287
0.044607
0.044420
0.043101
0.046343
0.043805
0.045181
0.045438
0.044811
0.044420
0.046504
0.045453
0.044244
0.043401
0.046201
0.044132
0.042945
0.042895
0.040621
0.043461
0.042982
0.043560
0.043506
0.043015
0.043443
0.043213
0.043778
0.043960
