0.251406
0.171122
0.137439
0.104671
0.079420
0.062540
0.062596
0.062517
0.061808
0.060403
0.058135
0.054633
0.053312
0.053173
0.051212
0.050441
0.049139
0.048942
0.046799
0.043819
0.042735
0.048150
0.043437
0.041082
0.038147
0.038731
0.037557
0.036004
0.036602
0.037402
0.033941
0.037692
0.035860
0.031053
0.030763
0.033004
0.029837
0.030934
0.033512
0.030481
0.031966
0.030350
0.028044
0.028367
0.025787
0.022625
0.022658
0.020226
0.021472
0.022653
0.020184
0.021789
0.021590
0.018907
0.019150
0.019155
0.019234
0.016660
0.017295
0.016995
0.016841
0.016782
0.016490
0.015307
0.015200
0.014276
0.014662
0.014654
0.014270
0.015347
0.016175
0.014831
0.013589
0.013444
0.014182
0.013153
0.014011
0.011605
0.012405
0.012082
0.012270
0.012241
0.011904
0.013166
0.011396
0.012266
0.011685
0.011478
0.012224
0.014587
0.011054
0.011855
0.012831
0.010893
0.010886
0.010837
0.011747
0.010871
0.010803
0.010752
0.009917
0.009918
0.010817
0.012382
0.010676
0.012284
0.011437
0.010670
0.009823
0.009795
0.011556
0.010823
0.012358
0.010554
0.012274
0.010678
0.011526
0.011512
0.010659
0.011438
0.010624
0.010517
0.009902
0.010529
0.011417
0.010510
0.009704
0.011363
0.011354
0.012160
0.010499
0.010539
0.010456
0.010480
0.011318
0.010443
0.011304
0.009665
0.009648
0.010505
0.010489
0.014717
0.011527
0.010805
0.013102
0.011066
0.012740
0.013486
0.013864
0.011474
