0.350509
0.258653
0.229327
0.217661
0.169258
0.107500
0.056436
0.055550
0.052993
0.044409
0.044945
0.042105
0.040316
0.039566
0.039388
0.035060
0.034936
0.035059
0.035570
0.031024
0.034878
0.029069
0.029706
0.028070
0.029249
0.027910
0.030538
0.028053
0.026415
0.027554
0.025905
0.026073
0.024881
0.025333
0.022668
0.023304
0.022329
0.023503
0.022541
0.023438
0.021030
0.021646
0.022197
0.022180
0.020547
0.023305
0.020220
0.018031
0.018631
0.018235
0.020483
0.015328
0.016708
0.016869
0.015029
0.015151
0.014258
0.014358
0.015903
0.014171
0.013182
0.015008
0.015550
0.012094
0.013285
0.012567
0.011125
0.012468
0.010759
0.012505
0.010258
0.009970
0.013490
0.009732
0.012577
0.009812
0.010754
0.009799
0.011171
0.011082
0.011131
0.011397
0.011349
0.011152
0.010462
0.011338
0.011152
0.010427
0.010113
0.011826
0.010176
0.009233
0.010158
0.010080
0.011911
0.010144
0.010930
0.010878
0.009207
0.013407
0.011775
0.013371
0.009150
0.010817
0.009160
0.010007
0.009107
0.009942
0.010794
0.010885
0.009940
0.009928
0.009959
0.009963
0.009950
0.010770
0.009939
0.011651
0.009945
0.010782
0.009079
0.009110
0.009095
0.012443
0.009932
0.010776
0.009940
0.009897
0.009060
0.010786
0.009968
0.010794
0.009088
0.009086
0.010742
0.011558
0.012419
0.009058
0.009092
0.009101
0.011563
0.011548
0.011577
0.009882
0.009888
0.009040
0.009880
0.011554
0.011554
0.009870
