0.190075
0.070305
0.062712
0.062712
0.062712
0.062712
0.062712
0.062712
0.062712
0.062712
0.062712
0.062712
0.062712
0.062712
0.062712
0.062712
0.062712
0.062595
0.062478
0.062323
0.061387
0.061506
0.061972
0.061583
0.061622
0.061510
0.060725
0.061392
0.061463
0.060879
0.060527
0.061151
0.061193
0.060749
0.060129
0.060766
0.060524
0.061021
0.061231
0.060244
0.059678
0.061180
0.059949
0.059939
0.059998
0.057474
0.058684
0.059346
0.059087
0.058803
0.057202
0.058763
0.055102
0.057066
0.056539
0.055029
0.055828
0.055412
0.055550
0.054051
0.053332
0.055000
0.054376
0.054031
0.055171
0.054473
0.054496
0.054311
0.053478
0.053425
0.053389
0.052745
0.052461
0.054070
0.053427
0.053199
0.052356
0.053055
0.052257
0.053906
0.053311
0.052168
0.051343
0.052906
0.051237
0.052812
0.053721
0.052044
0.053817
0.051756
0.053754
0.051853
0.054660
0.053686
0.052275
0.053503
0.052012
0.051821
0.049642
0.051122
0.051901
0.049755
0.051236
0.049569
0.050267
0.047680
0.049295
0.050300
0.051366
0.049489
0.047346
0.047103
0.048003
0.046974
0.045112
0.047645
0.046236
0.046670
0.045875
0.046787
0.045879
0.045822
0.045871
0.047101
0.045882
0.043362
0.044890
0.045854
0.046501
0.045853
0.041724
0.044963
0.043631
0.045902
0.042577
0.046173
0.046784
0.046600
0.046783
0.046070
0.044733
0.043877
0.045211
0.042470
0.043340
0.043187
0.045805
0.043024
0.043772
0.042942
