0.090111
0.073236
0.075317
0.072244
0.072672
0.072108
0.072308
0.073699
0.073917
0.074346
0.073122
0.073516
0.073252
0.073620
0.072658
0.073467
0.073598
0.072710
0.075022
0.074959
0.074193
0.074846
0.074408
0.073440
0.072763
0.071638
0.072169
0.072266
0.073047
0.072765
0.073201
0.071903
0.072357
0.071596
0.070231
0.069574
0.066667
0.070706
0.069465
0.065243
0.068955
0.068070
0.071972
0.065193
0.066480
0.066325
0.064887
0.065072
0.062433
0.063217
0.061519
0.061044
0.060879
0.064859
0.063036
0.062090
0.063651
0.060403
0.064680
0.060843
0.057921
0.065553
0.062402
0.064131
0.061801
0.064465
0.063297
0.056857
0.059155
0.061458
0.059332
0.063163
0.056182
0.060494
0.056833
0.058867
0.061250
0.059734
0.059475
0.060016
0.056472
0.055137
0.055400
0.058157
0.056840
0.051404
0.053681
0.055064
0.050902
0.054130
0.054163
0.052983
0.062979
0.054585
0.059638
0.059122
0.058236
0.057651
0.057365
0.064493
0.062824
0.066604
0.059552
0.056826
0.056486
0.056154
0.058445
0.057195
0.052543
0.056689
0.053100
0.054078
0.051783
0.054813
0.054387
0.054134
0.052044
0.059664
0.056915
0.057484
0.053824
0.055851
0.056686
0.055778
0.057620
0.058408
0.056733
0.055524
0.055109
0.052837
0.053401
0.052742
0.050651
0.050762
0.052124
0.048470
0.051622
0.054620
0.053325
0.050874
0.052335
0.055247
0.049768
0.046338
0.048734
0.058737
0.052422
0.053622
0.047995
0.043444
