0.114929
0.074669
0.072265
0.071670
0.071670
0.071670
0.071670
0.071670
0.071670
0.069392
0.072425
0.069698
0.071670
0.071670
0.069319
0.068819
0.069718
0.068805
0.068370
0.070254
0.069609
0.068660
0.066992
0.068344
0.069277
0.068279
0.068306
0.069241
0.067715
0.069123
0.068525
0.068805
0.068037
0.067697
0.067282
0.067430
0.067181
0.067123
0.066782
0.067600
0.068989
0.067425
0.066788
0.068112
0.067929
0.066314
0.068832
0.068092
0.068228
0.067478
0.067961
0.067380
0.066539
0.066598
0.066482
0.065978
0.064737
0.066075
0.066334
0.064986
0.066133
0.065040
0.065091
0.065051
0.065450
0.063794
0.065608
0.065091
0.066034
0.065252
0.063250
0.064930
0.064830
0.064528
0.064427
0.064226
0.065761
0.064469
0.063420
0.063297
0.064566
0.064443
0.065443
0.065541
0.065865
0.064352
0.063409
0.065132
0.067860
0.063573
0.067501
0.065616
0.064963
0.064366
0.065536
0.063148
0.065092
0.065508
0.065069
0.066744
0.065757
0.064229
0.065580
0.064714
0.057799
0.065465
0.064219
0.065496
0.063527
0.065638
0.062975
0.067142
0.064340
0.063575
0.065378
0.066704
0.063378
0.063764
0.063081
0.064627
0.063163
0.063975
0.065429
0.065000
0.066665
0.060010
0.061662
0.061219
0.065989
0.063602
0.067379
0.067619
0.067009
0.066986
0.067851
0.069157
0.069701
0.071667
0.070222
0.064183
0.065481
0.066742
0.065404
0.067145
0.067949
0.067815
0.067576
0.076895
0.068123
0.072108
