0.108478
0.076638
0.072872
0.072895
0.071670
0.077031
0.070655
0.071670
0.071670
0.071670
0.069363
0.066030
0.064773
0.068186
0.064769
0.064224
0.061485
0.059673
0.059954
0.061970
0.060927
0.058982
0.059422
0.061011
0.060214
0.059624
0.059894
0.061404
0.057250
0.057128
0.057161
0.056896
0.056508
0.060852
0.059596
0.058059
0.057532
0.056147
0.051611
0.054709
0.054798
0.056122
0.053133
0.051751
0.057074
0.056944
0.054278
0.056186
0.054158
0.054188
0.051093
0.053641
0.053604
0.051673
0.052251
0.052585
0.053153
0.051663
0.051270
0.048064
0.051552
0.048717
0.051295
0.049347
0.048555
0.048539
0.049640
0.051029
0.049861
0.049924
0.048404
0.047652
0.047799
0.047113
0.049839
0.047633
0.048466
0.048871
0.050532
0.047980
0.049231
0.046119
0.048598
0.050682
0.049607
0.049330
0.048115
0.047303
0.052403
0.058799
0.050679
0.054757
0.049119
0.064644
0.065277
0.051344
0.056529
0.049313
0.046978
0.057507
0.056243
0.049629
0.049834
0.059208
0.048175
0.051543
0.049125
0.047358
0.052605
0.049885
0.044846
0.049604
0.047895
0.048004
0.044595
0.042579
0.045208
0.043431
0.042243
0.044806
0.044076
0.043416
0.045793
0.045721
0.040203
0.042995
0.052490
0.035288
0.037310
0.036256
0.036603
0.036268
0.046224
0.037673
0.038864
0.028074
0.040418
0.037063
0.030718
0.031561
0.035398
0.035259
0.033408
0.028993
0.030976
0.028341
0.028777
0.025442
0.027598
0.036576
