0.089135
0.074444
0.071994
0.070135
0.073856
0.073529
0.070839
0.071098
0.069408
0.069422
0.067862
0.066972
0.065896
0.065247
0.066978
0.063383
0.064995
0.069206
0.067749
0.063619
0.067114
0.064322
0.062807
0.064179
0.066316
0.060957
0.062468
0.062883
0.062121
0.063499
0.062784
0.062912
0.061048
0.063610
0.063159
0.057935
0.061634
0.059011
0.058118
0.055938
0.056504
0.057089
0.060438
0.058492
0.056565
0.061856
0.062167
0.065067
0.057069
0.058882
0.056107
0.057950
0.056135
0.058011
0.058990
0.057816
0.056780
0.061187
0.055893
0.057135
0.057856
0.053331
0.049559
0.054818
0.055266
0.054931
0.050616
0.056388
0.062635
0.057798
0.058543
0.056691
0.056186
0.057232
0.062160
0.057138
0.054772
0.051933
0.059351
0.057962
0.058011
0.051402
0.068950
0.057422
0.058291
0.051121
0.056357
0.051417
0.051916
0.053316
0.052750
0.050436
0.052346
0.050283
0.055839
0.048818
0.054384
0.054278
0.049448
0.051812
0.056049
0.052509
0.048577
0.049662
0.047582
0.044286
0.049421
0.048728
0.043449
0.045856
0.052676
0.045763
0.047723
0.045256
0.040027
0.048838
0.041828
0.046753
0.045857
0.036734
0.041433
0.033786
0.032256
0.032943
0.031161
0.030337
0.031196
0.029553
0.026031
0.027530
0.029048
0.025488
0.028985
0.033220
0.033050
0.028459
0.029000
0.031304
0.033142
0.024139
0.025680
0.020580
0.028207
0.022381
0.024417
0.019209
0.025264
0.026748
0.095256
0.027395
