0.078681
0.088300
0.077019
0.074173
0.073244
0.072938
0.072691
0.072320
0.072830
0.071344
0.069237
0.066397
0.065818
0.063055
0.063994
0.063886
0.062968
0.061205
0.060977
0.061911
0.058778
0.060681
0.057500
0.059397
0.055375
0.055868
0.054365
0.055266
0.056094
0.054426
0.051249
0.057319
0.051768
0.050433
0.053297
0.049928
0.050261
0.048145
0.048045
0.048057
0.045190
0.044452
0.046858
0.043762
0.043423
0.044450
0.040958
0.043794
0.044010
0.040268
0.040948
0.035962
0.042408
0.041932
0.034745
0.034319
0.031011
0.035992
0.029281
0.029677
0.028320
0.028974
0.030044
0.029989
0.024795
0.019607
0.023064
0.020863
0.021640
0.019827
0.022419
0.018988
0.019444
0.020528
0.018831
0.017951
0.020686
0.014850
0.018454
0.017089
0.015118
0.020060
0.015563
0.017570
0.014463
0.014861
0.014726
0.012688
0.018716
0.012961
0.020709
0.021246
0.019916
0.027490
0.017323
0.009117
0.025414
0.012448
0.013355
0.022480
0.020382
0.016225
0.023651
0.025598
0.018625
0.025282
0.023910
0.014973
0.038550
0.023838
0.021972
0.025719
0.025591
0.019304
0.019088
0.015346
0.018637
0.010740
0.010542
0.009758
0.008125
0.007334
0.007804
0.006167
0.007234
0.008149
0.008074
0.005942
0.006905
0.007693
0.009410
0.005262
0.004153
0.006885
0.004227
0.006834
0.006417
0.004798
0.004996
0.003874
0.003686
0.003280
0.004508
0.004512
0.002941
0.004283
0.003253
0.003544
0.003396
0.004060
