0.135210
0.092800
0.080795
0.073787
0.071990
0.071670
0.071670
0.071670
0.071670
0.071670
0.071670
0.071670
0.071670
0.071670
0.071670
0.071670
0.071950
0.071197
0.072045
0.072810
0.073398
0.072763
0.071902
0.073080
0.075482
0.068071
0.069783
0.072647
0.069615
0.068298
0.065919
0.067333
0.067466
0.065884
0.066849
0.064533
0.066202
0.064956
0.064581
0.066013
0.064920
0.064250
0.065412
0.065075
0.063243
0.062280
0.063102
0.063196
0.061608
0.063467
0.062070
0.062150
0.057768
0.061297
0.058584
0.059669
0.059317
0.060161
0.066436
0.059374
0.060022
0.062286
0.058580
0.057391
0.057931
0.058611
0.056264
0.058564
0.059508
0.056608
0.060077
0.057432
0.056751
0.060553
0.056433
0.059869
0.055729
0.056604
0.055726
0.054904
0.052687
0.054252
0.052543
0.054581
0.054539
0.051306
0.058796
0.050849
0.052159
0.050606
0.042056
0.050707
0.047469
0.055730
0.051066
0.050020
0.044623
0.045586
0.050556
0.045236
0.041371
0.040294
0.038892
0.035902
0.040202
0.041796
0.030987
0.035604
0.054998
0.059170
0.039804
0.059212
0.061861
0.063697
0.061356
0.057911
0.050678
0.048792
0.046771
0.045032
0.048254
0.042083
0.047573
0.045649
0.044676
0.048816
0.038368
0.042684
0.038771
0.040133
0.037925
0.036843
0.040187
0.037316
0.035476
0.035305
0.035429
0.038657
0.034241
0.036968
0.036104
0.036947
0.032607
0.033062
0.031978
0.033196
0.031801
0.030759
0.029792
0.032361
