0.165000
0.170000
0.155000
0.150000
0.155000
0.155000
0.155000
0.155000
0.155000
0.155000
0.155000
0.155000
0.155000
0.155000
0.155000
0.160000
0.180000
0.170000
0.205000
0.220000
0.220000
0.210000
0.200000
0.250000
0.290000
0.280000
0.310000
0.330000
0.350000
0.375000
0.370000
0.345000
0.315000
0.340000
0.305000
0.385000
0.450000
0.395000
0.435000
0.450000
0.480000
0.475000
0.450000
0.425000
0.410000
0.395000
0.315000
0.270000
0.255000
0.315000
0.305000
0.360000
0.315000
0.330000
0.360000
0.350000
0.405000
0.410000
0.370000
0.445000
0.460000
0.420000
0.465000
0.465000
0.565000
0.435000
0.520000
0.515000
0.560000
0.510000
0.535000
0.570000
0.555000
0.600000
0.630000
0.660000
0.635000
0.640000
0.630000
0.650000
0.675000
0.690000
0.695000
0.670000
0.645000
0.645000
0.675000
0.720000
0.705000
0.700000
0.715000
0.725000
0.785000
0.720000
0.735000
0.725000
0.755000
0.730000
0.760000
0.790000
0.810000
0.800000
0.810000
0.755000
0.815000
0.770000
0.825000
0.875000
0.840000
0.840000
0.760000
0.820000
0.730000
0.820000
0.815000
0.805000
0.780000
0.820000
0.830000
0.850000
0.860000
0.865000
0.865000
0.860000
0.850000
0.890000
0.885000
0.920000
0.845000
0.865000
0.870000
0.875000
0.900000
0.815000
0.735000
0.810000
0.790000
0.825000
0.810000
0.855000
0.870000
0.900000
0.895000
0.915000
0.905000
0.905000
0.870000
0.925000
0.885000
0.895000
