0.150000
0.160000
0.160000
0.160000
0.170000
0.160000
0.160000
0.165000
0.180000
0.245000
0.190000
0.235000
0.240000
0.255000
0.235000
0.250000
0.255000
0.260000
0.245000
0.295000
0.270000
0.340000
0.335000
0.345000
0.355000
0.315000
0.370000
0.365000
0.365000
0.355000
0.355000
0.355000
0.360000
0.410000
0.395000
0.425000
0.415000
0.425000
0.400000
0.410000
0.405000
0.415000
0.415000
0.410000
0.425000
0.415000
0.460000
0.455000
0.480000
0.475000
0.470000
0.525000
0.505000
0.520000
0.510000
0.530000
0.535000
0.585000
0.470000
0.530000
0.560000
0.530000
0.535000
0.585000
0.655000
0.705000
0.750000
0.730000
0.715000
0.740000
0.755000
0.730000
0.760000
0.790000
0.755000
0.705000
0.790000
0.815000
0.795000
0.840000
0.845000
0.800000
0.855000
0.785000
0.830000
0.865000
0.860000
0.880000
0.835000
0.835000
0.875000
0.860000
0.855000
0.870000
0.860000
0.835000
0.835000
0.905000
0.885000
0.900000
0.855000
0.870000
0.870000
0.830000
0.830000
0.870000
0.880000
0.890000
0.950000
0.935000
0.960000
0.840000
0.920000
0.920000
0.905000
0.885000
0.890000
0.915000
0.935000
0.945000
0.960000
0.950000
0.930000
0.915000
0.830000
0.915000
0.905000
0.895000
0.925000
0.930000
0.975000
0.945000
0.965000
0.955000
0.895000
0.940000
0.970000
0.950000
0.940000
0.885000
0.925000
0.950000
0.950000
0.965000
0.950000
0.960000
0.950000
0.970000
0.995000
0.940000
