0.182964
0.070345
0.062911
0.062790
0.062712
0.062712
0.062712
0.062712
0.062712
0.062712
0.062712
0.062712
0.062712
0.062712
0.062751
0.062673
0.062052
0.062518
0.061353
0.061033
0.061558
0.060973
0.064150
0.059046
0.058760
0.057048
0.057597
0.059155
0.056519
0.057151
0.058169
0.058130
0.057774
0.056182
0.057624
0.056208
0.049292
0.053008
0.053901
0.050219
0.053122
0.051570
0.052759
0.052750
0.054074
0.054021
0.057804
0.059697
0.060654
0.061167
0.058827
0.056283
0.056199
0.057039
0.056008
0.055410
0.055313
0.053057
0.054454
0.052198
0.051553
0.052198
0.054405
0.049924
0.045769
0.050822
0.045150
0.046961
0.049394
0.047574
0.043832
0.039928
0.038254
0.037849
0.035508
0.029998
0.030414
0.032947
0.030403
0.028504
0.029406
0.028565
0.029611
0.032562
0.029836
0.030841
0.028712
0.025530
0.027531
0.025131
0.022749
0.024090
0.022391
0.021801
0.024720
0.023877
0.022439
0.021831
0.021089
0.019440
0.017728
0.018212
0.021693
0.020282
0.018608
0.020246
0.016204
0.012066
0.015811
0.014312
0.020890
0.015209
0.022497
0.017201
0.016187
0.019892
0.019408
0.016676
0.018830
0.013715
0.011954
0.012061
0.013679
0.011574
0.013487
0.012118
0.011529
0.011547
0.011243
0.012390
0.011215
0.011001
0.011793
0.018557
0.032479
0.019210
0.019057
0.016427
0.016415
0.012380
0.012843
0.009263
0.009429
0.008716
0.009226
0.010106
0.011012
0.011309
0.009501
0.009645
