0.107193
0.062751
0.062712
0.062751
0.064202
0.062712
0.062712
0.062595
0.062527
0.060900
0.061981
0.059202
0.058461
0.058615
0.057476
0.057453
0.058001
0.057251
0.057489
0.056690
0.058307
0.055502
0.057483
0.056918
0.056387
0.056996
0.055483
0.054049
0.057117
0.054978
0.053543
0.056231
0.054124
0.056399
0.054349
0.053127
0.051922
0.054588
0.052925
0.051680
0.051041
0.051425
0.052181
0.048432
0.049361
0.046454
0.048503
0.047808
0.044953
0.045158
0.042295
0.041167
0.038995
0.041380
0.042199
0.034943
0.038757
0.043308
0.043864
0.040788
0.039026
0.041703
0.040315
0.033868
0.030951
0.027427
0.026098
0.029048
0.030325
0.022787
0.025235
0.026255
0.025461
0.021866
0.022920
0.024220
0.020429
0.019344
0.021664
0.015125
0.016899
0.017782
0.013821
0.015851
0.017114
0.012867
0.015414
0.012776
0.016465
0.013262
0.012491
0.015064
0.014734
0.012651
0.020298
0.015801
0.012818
0.009014
0.011151
0.012806
0.013436
0.011829
0.012155
0.021585
0.014749
0.012533
0.010640
0.011012
0.006279
0.007067
0.006837
0.012623
0.012155
0.006857
0.011435
0.009695
0.010694
0.007860
0.006551
0.005603
0.004372
0.004305
0.006033
0.007611
0.018273
0.007833
0.012741
0.005486
0.008060
0.004310
0.003255
0.004488
0.002478
0.005979
0.008697
0.005137
0.003435
0.004459
0.007254
0.012770
0.007004
0.004288
0.006871
0.002977
0.004000
0.004431
0.004453
0.002090
0.002262
0.004158
