0.129108
0.070467
0.062321
0.061824
0.058564
0.060200
0.060574
0.060738
0.060789
0.060276
0.059736
0.058514
0.059520
0.059027
0.058833
0.057492
0.055565
0.055472
0.054477
0.054978
0.057302
0.053913
0.053944
0.055839
0.052410
0.052426
0.051738
0.049566
0.050544
0.048974
0.048332
0.047106
0.046331
0.052866
0.049171
0.049697
0.048022
0.047898
0.045122
0.046023
0.047542
0.051110
0.044904
0.046345
0.044786
0.043495
0.045536
0.042508
0.040754
0.040070
0.040066
0.033561
0.033015
0.039941
0.058427
0.043845
0.042384
0.042379
0.036765
0.043036
0.032749
0.037356
0.032714
0.027646
0.027102
0.025029
0.021598
0.020483
0.019825
0.020020
0.019673
0.022101
0.019267
0.020866
0.022836
0.026096
0.023589
0.022687
0.024289
0.018022
0.023459
0.018244
0.016418
0.015265
0.013811
0.013781
0.018035
0.016949
0.017215
0.016768
0.014787
0.012844
0.012077
0.014936
0.012420
0.016537
0.019646
0.024293
0.016787
0.012336
0.011753
0.011917
0.013167
0.015803
0.014771
0.012268
0.007869
0.010591
0.008004
0.007334
0.007880
0.008541
0.007047
0.006542
0.007113
0.009935
0.007493
0.014038
0.019377
0.014466
0.010263
0.013106
0.010369
0.006408
0.006780
0.008462
0.009137
0.008599
0.007680
0.006544
0.006558
0.005925
0.004062
0.006498
0.007175
0.008011
0.007679
0.004660
0.006912
0.006112
0.005229
0.004567
0.004677
0.004648
0.004482
0.007048
0.007109
0.003906
0.003816
0.004063
