0.126364
0.075595
0.063269
0.063343
0.062769
0.063342
0.061884
0.061633
0.060201
0.060992
0.059476
0.058432
0.059046
0.058934
0.056909
0.056712
0.057088
0.056969
0.056011
0.057528
0.057396
0.058474
0.056979
0.057936
0.057133
0.058837
0.056258
0.056376
0.056489
0.057074
0.057000
0.056855
0.056335
0.056701
0.054262
0.054496
0.055508
0.055669
0.054695
0.054177
0.052336
0.052157
0.052613
0.052558
0.053288
0.051648
0.058468
0.050452
0.057726
0.053924
0.055471
0.051790
0.051456
0.051717
0.051606
0.044720
0.048701
0.049971
0.053726
0.049524
0.052434
0.058992
0.052968
0.054213
0.047138
0.050252
0.046902
0.045366
0.043514
0.044237
0.042716
0.036482
0.040930
0.033604
0.037012
0.035473
0.036922
0.033785
0.031417
0.036055
0.032217
0.032781
0.028318
0.027366
0.029740
0.025605
0.025347
0.022085
0.022267
0.028330
0.020486
0.022201
0.019751
0.025741
0.022951
0.018684
0.019816
0.019844
0.019253
0.019654
0.020598
0.021440
0.023471
0.020291
0.021207
0.019102
0.017054
0.016913
0.021955
0.031946
0.023034
0.021759
0.019791
0.017158
0.016720
0.015797
0.017839
0.018309
0.015331
0.014283
0.011696
0.013042
0.010967
0.010453
0.010168
0.013800
0.010121
0.010029
0.010490
0.014537
0.015560
0.011783
0.010084
0.009774
0.021869
0.019286
0.018067
0.019911
0.018138
0.019768
0.016562
0.023384
0.011153
0.013130
0.010621
0.011390
0.012184
0.014043
0.007330
0.009220
