0.083401
0.063026
0.063029
0.062919
0.066869
0.062597
0.062751
0.062712
0.062712
0.062712
0.062712
0.062712
0.063066
0.062323
0.062239
0.062430
0.061613
0.060458
0.058969
0.059973
0.059658
0.062616
0.059792
0.058909
0.057520
0.059739
0.058879
0.060861
0.057456
0.056214
0.059299
0.055039
0.056582
0.058396
0.056735
0.052201
0.057708
0.056798
0.049607
0.053045
0.047740
0.050974
0.051029
0.047289
0.044507
0.044113
0.047265
0.047183
0.041348
0.043682
0.042281
0.042377
0.042368
0.043999
0.041126
0.041729
0.040892
0.041121
0.038053
0.037568
0.044276
0.039247
0.034872
0.030161
0.029665
0.026054
0.032722
0.032247
0.035078
0.030468
0.027957
0.029254
0.031974
0.029687
0.024898
0.023062
0.022569
0.021413
0.021111
0.020211
0.017649
0.018376
0.017779
0.018336
0.022895
0.016835
0.023487
0.020996
0.021251
0.017993
0.019720
0.025802
0.021348
0.018287
0.017585
0.015906
0.017133
0.015686
0.018102
0.016516
0.014672
0.014494
0.014784
0.013357
0.017751
0.011708
0.015951
0.013295
0.010799
0.013509
0.009770
0.010386
0.010588
0.012724
0.011894
0.009952
0.009358
0.008627
0.012199
0.007494
0.007486
0.009368
0.006867
0.007696
0.007906
0.007189
0.007393
0.008592
0.007203
0.008066
0.007048
0.008132
0.006618
0.006682
0.005843
0.007662
0.006981
0.005348
0.007787
0.006488
0.005994
0.005323
0.004359
0.006370
0.004386
0.008107
0.006503
0.010559
0.007462
0.006993
