0.121016
0.063603
0.063159
0.063207
0.062572
0.061813
0.059953
0.060961
0.061689
0.057352
0.060326
0.058926
0.057015
0.056380
0.057018
0.057927
0.056824
0.057583
0.057436
0.057715
0.057377
0.053613
0.054440
0.055899
0.051243
0.052200
0.050805
0.052792
0.051645
0.047802
0.051203
0.050596
0.052016
0.054961
0.054290
0.052897
0.053554
0.052694
0.047339
0.049560
0.044973
0.044905
0.049988
0.047991
0.048929
0.047579
0.046848
0.047423
0.044558
0.051061
0.053589
0.053164
0.051512
0.049074
0.049794
0.045499
0.044119
0.044042
0.044343
0.044450
0.046416
0.047487
0.044172
0.043450
0.041625
0.041224
0.044345
0.044085
0.042692
0.039678
0.041584
0.043473
0.041789
0.041103
0.043875
0.044148
0.043249
0.041052
0.037337
0.036302
0.037984
0.039247
0.036625
0.035912
0.035278
0.034850
0.035023
0.033435
0.033257
0.034732
0.034151
0.036707
0.032202
0.035831
0.031461
0.035934
0.034096
0.029167
0.029701
0.042045
0.036458
0.037107
0.032151
0.031417
0.028956
0.027125
0.029306
0.024515
0.023328
0.022181
0.027518
0.026486
0.033400
0.034115
0.043843
0.034315
0.032628
0.023636
0.026059
0.019852
0.018526
0.015473
0.019985
0.019964
0.021964
0.018332
0.016658
0.016232
0.014294
0.014456
0.013536
0.010945
0.009999
0.014076
0.012623
0.008902
0.011218
0.009755
0.009637
0.009564
0.006857
0.010852
0.010117
0.010017
0.006891
0.008401
0.007819
0.009951
0.013420
0.008709
