0.077575
0.071675
0.071670
0.071670
0.071670
0.071329
0.071810
0.068712
0.069615
0.066622
0.070555
0.066223
0.067899
0.067286
0.064269
0.064257
0.065641
0.065592
0.061741
0.066059
0.063980
0.061839
0.059449
0.061674
0.059092
0.058220
0.056423
0.060209
0.055147
0.054625
0.055639
0.058290
0.054135
0.055361
0.053914
0.053711
0.053754
0.056001
0.049537
0.051363
0.049304
0.050732
0.048792
0.051458
0.053444
0.051852
0.052760
0.049408
0.048155
0.047199
0.045510
0.046398
0.048240
0.046461
0.043821
0.045904
0.049323
0.043877
0.044733
0.036454
0.038036
0.033089
0.041627
0.031750
0.034848
0.034659
0.033043
0.034318
0.029991
0.029702
0.030253
0.030112
0.035569
0.028070
0.031271
0.029320
0.030174
0.024287
0.032899
0.027201
0.029687
0.024813
0.025349
0.025256
0.026792
0.022214
0.024504
0.026057
0.023685
0.022920
0.017556
0.016657
0.017189
0.017639
0.012510
0.019059
0.025691
0.016265
0.023704
0.011787
0.020894
0.010051
0.010801
0.009505
0.016369
0.007652
0.007509
0.006965
0.006894
0.003391
0.004099
0.005188
0.005713
0.009568
0.003848
0.003904
0.003589
0.003803
0.008411
0.002446
0.003450
0.015546
0.012675
0.003128
0.002839
0.003760
0.003248
0.011870
0.002389
0.005486
0.001549
0.001549
0.009162
0.003740
0.005133
0.004849
0.005376
0.002187
0.008858
0.008757
0.003625
0.006490
0.012674
0.008561
0.004151
0.012765
0.005613
0.000819
0.001240
0.002574
