0.087457
0.075168
0.072956
0.070917
0.069889
0.066084
0.066130
0.067427
0.065191
0.065530
0.063921
0.063339
0.061865
0.059927
0.061672
0.057945
0.057980
0.055053
0.057680
0.052982
0.051053
0.056187
0.051761
0.055367
0.050010
0.047496
0.046808
0.043303
0.046104
0.043582
0.046496
0.037317
0.036300
0.037735
0.030427
0.034552
0.031186
0.028702
0.030985
0.026760
0.026673
0.025960
0.019689
0.029212
0.019824
0.018762
0.015273
0.028240
0.019265
0.020522
0.020181
0.012953
0.012101
0.012477
0.008053
0.007931
0.005847
0.011425
0.004773
0.010356
0.030366
0.013372
0.025524
0.015228
0.010708
0.019282
0.006173
0.017030
0.009179
0.019410
0.012184
0.014036
0.014027
0.005964
0.016676
0.011788
0.012448
0.004051
0.009509
0.009820
0.013254
0.014404
0.026332
0.014094
0.015234
0.010352
0.006394
0.017184
0.014555
0.014939
0.004913
0.026951
0.008060
0.018663
0.012227
0.004375
0.005170
0.003555
0.005060
0.002984
0.002951
0.003772
0.003438
0.000836
0.000939
0.001733
0.002031
0.000842
0.000966
0.001759
0.001702
0.000728
0.000871
0.002590
0.000852
0.000416
0.000750
0.001740
0.001451
0.000891
0.000855
0.000964
0.000332
0.000869
0.000366
0.000745
0.000418
0.000332
0.001142
0.000480
0.000184
0.001946
0.000432
0.002505
0.000147
0.000096
0.001042
0.000185
0.001057
0.000151
0.000220
0.000886
0.000602
0.000217
0.000196
0.000378
0.000265
0.000117
0.000176
0.000176
