0.073241
0.072611
0.075460
0.069423
0.068961
0.063263
0.063938
0.070746
0.063392
0.060287
0.058150
0.059882
0.060568
0.054766
0.056497
0.056398
0.050972
0.048198
0.044231
0.048950
0.041208
0.045387
0.043398
0.040756
0.037914
0.039114
0.035815
0.029733
0.035242
0.034420
0.031161
0.033017
0.027398
0.031042
0.035218
0.027653
0.027046
0.021883
0.025005
0.027102
0.024288
0.024072
0.021126
0.020304
0.018283
0.022346
0.021409
0.015611
0.025645
0.019294
0.021128
0.016705
0.017560
0.010608
0.017496
0.023753
0.012856
0.015653
0.013057
0.011759
0.010861
0.009599
0.010295
0.010108
0.014844
0.012108
0.009593
0.006555
0.003964
0.006045
0.003560
0.004337
0.006057
0.005450
0.002811
0.002560
0.004193
0.004329
0.002532
0.005806
0.001999
0.010131
0.004360
0.006522
0.001328
0.002362
0.003498
0.003608
0.002985
0.002911
0.005065
0.009567
0.017327
0.016471
0.005020
0.010238
0.006158
0.015820
0.006401
0.005207
0.005175
0.008220
0.009205
0.007620
0.007361
0.009297
0.004335
0.005512
0.004670
0.002410
0.000728
0.005100
0.002426
0.003851
0.004744
0.018902
0.013546
0.005544
0.004356
0.006994
0.001812
0.002004
0.003258
0.001979
0.011293
0.004365
0.021110
0.009352
0.012749
0.005854
0.006119
0.015571
0.012815
0.007830
0.005802
0.009334
0.005873
0.002610
0.002894
0.004785
0.000341
0.002096
0.002920
0.001443
0.001950
0.001133
0.002252
0.001151
0.000794
0.001004
