0.072952
0.073997
0.074945
0.072147
0.070686
0.075325
0.072453
0.071360
0.071483
0.069594
0.070932
0.068435
0.068391
0.068403
0.068980
0.066866
0.067760
0.067556
0.068412
0.066911
0.065031
0.065580
0.063045
0.064910
0.066274
0.063569
0.062978
0.063306
0.064859
0.060418
0.063492
0.060394
0.060370
0.064365
0.063410
0.058656
0.061301
0.059283
0.058904
0.057002
0.059512
0.060832
0.059850
0.057155
0.053802
0.057612
0.055865
0.051986
0.052828
0.052853
0.053710
0.049745
0.049136
0.052267
0.049787
0.045109
0.045785
0.043459
0.040358
0.041556
0.043284
0.037686
0.033945
0.036734
0.042211
0.036945
0.032737
0.032160
0.029330
0.031339
0.035237
0.028928
0.028889
0.027795
0.026097
0.025159
0.024734
0.037324
0.032447
0.032919
0.036929
0.041470
0.035216
0.034770
0.026790
0.024716
0.015922
0.023258
0.018110
0.024598
0.019862
0.023250
0.020394
0.013401
0.013681
0.014524
0.010096
0.010454
0.009257
0.009393
0.009730
0.010845
0.011430
0.009439
0.009398
0.010085
0.009490
0.008764
0.004376
0.009455
0.013327
0.005898
0.018626
0.006057
0.006653
0.003751
0.004941
0.016600
0.005545
0.003517
0.003528
0.005911
0.003908
0.007144
0.004222
0.004792
0.007537
0.007811
0.004452
0.003392
0.009514
0.003300
0.013229
0.008377
0.006629
0.003192
0.006004
0.006146
0.003164
0.007774
0.002274
0.004103
0.005374
0.006623
0.009909
0.001900
0.002029
0.003301
0.001500
0.002845
