0.073916
0.070893
0.071670
0.072087
0.070971
0.071670
0.072542
0.068979
0.071670
0.071670
0.071670
0.071670
0.071670
0.070371
0.069811
0.066930
0.072419
0.068282
0.069535
0.068531
0.069044
0.065824
0.061459
0.061491
0.063363
0.064096
0.062806
0.059451
0.060267
0.058663
0.052075
0.057615
0.058625
0.058960
0.047318
0.043647
0.043294
0.040344
0.050310
0.047334
0.044677
0.042977
0.040407
0.045155
0.040021
0.038906
0.039218
0.039556
0.034439
0.030812
0.031246
0.025627
0.033347
0.026464
0.030480
0.029266
0.028615
0.024596
0.025260
0.030597
0.024911
0.018183
0.020904
0.014727
0.018268
0.012646
0.012717
0.012834
0.010897
0.013637
0.010954
0.005962
0.011669
0.005381
0.007728
0.006739
0.009061
0.006573
0.009429
0.010178
0.008749
0.006627
0.007782
0.003830
0.003717
0.004268
0.003402
0.005989
0.003315
0.008062
0.007037
0.008314
0.003131
0.006812
0.005929
0.005615
0.005433
0.004955
0.001760
0.001549
0.001179
0.004107
0.001294
0.000592
0.000567
0.001590
0.001606
0.000238
0.000148
0.000527
0.000768
0.000335
0.001125
0.004520
0.040656
0.006501
0.021701
0.011624
0.023949
0.035762
0.032601
0.046301
0.022652
0.011498
0.018931
0.010162
0.008606
0.010230
0.017687
0.004747
0.011475
0.004960
0.007345
0.005167
0.002360
0.005241
0.005044
0.002816
0.005944
0.009637
0.002308
0.005237
0.006565
0.003509
0.001263
0.001999
0.002245
0.001511
0.001829
0.000730
