0.094705
0.078561
0.071445
0.068946
0.069342
0.068232
0.067056
0.063502
0.061756
0.063109
0.062938
0.060370
0.061979
0.058316
0.048787
0.050511
0.054529
0.045056
0.045847
0.045159
0.046037
0.041611
0.044703
0.037473
0.038284
0.036105
0.033329
0.035018
0.034758
0.030776
0.028172
0.025065
0.021848
0.023935
0.017030
0.020111
0.018441
0.015083
0.015350
0.011291
0.010698
0.011427
0.009230
0.012064
0.011327
0.007334
0.019770
0.023602
0.030791
0.016793
0.014592
0.021104
0.012671
0.008579
0.011314
0.010021
0.008189
0.009797
0.006557
0.009065
0.013026
0.009384
0.009480
0.021495
0.006978
0.015714
0.006927
0.014852
0.003654
0.021254
0.005745
0.024468
0.010158
0.012092
0.005678
0.006383
0.003081
0.003487
0.004069
0.005349
0.007238
0.012151
0.007962
0.045842
0.004435
0.010415
0.012177
0.007601
0.004742
0.010799
0.005666
0.006824
0.006334
0.006954
0.016381
0.002134
0.004025
0.011348
0.002480
0.003402
0.004971
0.004865
0.003203
0.002098
0.001538
0.002616
0.001682
0.003849
0.004059
0.001560
0.001615
0.003189
0.002179
0.001014
0.000516
0.000806
0.001467
0.000691
0.000242
0.000293
0.000253
0.001109
0.001638
0.000552
0.000338
0.002138
0.000434
0.000388
0.000247
0.000331
0.000369
0.000343
0.001426
0.000407
0.002772
0.003209
0.000984
0.002483
0.000870
0.001561
0.001393
0.000216
0.000135
0.000470
0.002030
0.000584
0.003559
0.001521
0.006537
0.015002
