0.104841
0.079529
0.072663
0.073707
0.072260
0.074482
0.067458
0.069185
0.069865
0.068921
0.070268
0.067966
0.064457
0.066083
0.064624
0.064853
0.058850
0.060461
0.058367
0.060804
0.057309
0.056688
0.052730
0.052837
0.056398
0.050978
0.048663
0.050348
0.053804
0.053915
0.048995
0.047566
0.046936
0.048734
0.046750
0.045212
0.049422
0.043367
0.044759
0.044027
0.045009
0.046649
0.043427
0.044346
0.046642
0.045561
0.044566
0.043186
0.041415
0.044481
0.043251
0.041942
0.044386
0.044047
0.040275
0.041910
0.039070
0.040255
0.038671
0.038314
0.040345
0.038357
0.036986
0.039325
0.038021
0.038048
0.039825
0.043272
0.035875
0.036179
0.036362
0.037204
0.033732
0.034274
0.035677
0.032685
0.032680
0.030547
0.031668
0.032551
0.033143
0.031931
0.034155
0.030730
0.034613
0.034668
0.031091
0.032686
0.029938
0.032705
0.027808
0.033657
0.035298
0.035287
0.031786
0.030875
0.034414
0.031543
0.031182
0.030078
0.032250
0.029800
0.029723
0.031662
0.030167
0.032428
0.029986
0.026160
0.029505
0.028901
0.032653
0.030378
0.030103
0.027645
0.031481
0.028818
0.028249
0.031317
0.027753
0.028427
0.024759
0.023200
0.021561
0.021114
0.018299
0.018332
0.017763
0.019327
0.018220
0.018499
0.020062
0.019965
0.019910
0.021577
0.019156
0.017751
0.017438
0.017878
0.018004
0.016388
0.014431
0.014009
0.014098
0.014402
0.013907
0.014540
0.013112
0.010368
0.011801
0.010493
