0.103782
0.080188
0.071212
0.070857
0.072211
0.074022
0.070895
0.071879
0.073593
0.067689
0.069900
0.066021
0.062911
0.064087
0.059963
0.056505
0.059139
0.060642
0.060102
0.054660
0.053450
0.056556
0.053207
0.050940
0.051959
0.049842
0.045654
0.046430
0.050086
0.047036
0.044204
0.041386
0.042451
0.043771
0.043399
0.042141
0.044545
0.039143
0.040053
0.036452
0.039601
0.039006
0.038362
0.035234
0.034680
0.030431
0.034155
0.034421
0.033099
0.034330
0.033455
0.030696
0.033126
0.032203
0.026882
0.028736
0.029494
0.026470
0.031585
0.028275
0.029456
0.026309
0.028927
0.028048
0.027256
0.026114
0.028072
0.027366
0.027266
0.027319
0.027101
0.024884
0.028953
0.028227
0.030320
0.031027
0.023276
0.031017
0.031282
0.027155
0.022638
0.024235
0.021065
0.022779
0.019108
0.023502
0.024183
0.020155
0.022374
0.020669
0.018113
0.021987
0.019505
0.021960
0.021750
0.021209
0.019336
0.020493
0.020175
0.017353
0.017670
0.017655
0.018467
0.018642
0.022383
0.018211
0.018106
0.020010
0.019083
0.020238
0.016842
0.019886
0.016238
0.019540
0.018034
0.018704
0.017826
0.018708
0.020141
0.019071
0.018643
0.017543
0.018728
0.018129
0.018528
0.019234
0.016738
0.013740
0.014369
0.015359
0.013582
0.015524
0.014916
0.016219
0.016284
0.014909
0.015550
0.013729
0.014545
0.014999
0.015816
0.014596
0.014277
0.016945
0.014650
0.014784
0.016084
0.014289
0.014081
0.015493
