0.248058
0.132989
0.087272
0.070363
0.068920
0.068688
0.066740
0.066374
0.064441
0.062041
0.064337
0.062292
0.063559
0.067539
0.063411
0.060040
0.058840
0.054385
0.054635
0.055723
0.052205
0.055348
0.051845
0.057112
0.051449
0.051552
0.050613
0.050919
0.048910
0.040476
0.045291
0.046255
0.043603
0.044699
0.046681
0.046051
0.042914
0.042995
0.040651
0.042918
0.042676
0.043926
0.039157
0.041629
0.042160
0.036711
0.040486
0.038507
0.038222
0.038420
0.038621
0.037462
0.036714
0.033438
0.034529
0.035239
0.036543
0.037035
0.035748
0.035128
0.032811
0.032070
0.033128
0.033914
0.034223
0.031253
0.033386
0.034010
0.031177
0.029306
0.028403
0.031033
0.027180
0.025515
0.026361
0.026209
0.025953
0.026696
0.026087
0.023909
0.026172
0.027178
0.026881
0.024882
0.026391
0.024978
0.022515
0.023358
0.023521
0.023131
0.025895
0.024099
0.022314
0.022538
0.022711
0.023642
0.020450
0.023335
0.022858
0.024098
0.022650
0.021125
0.022249
0.022351
0.022352
0.022374
0.020537
0.022275
0.022006
0.025693
0.023494
0.022572
0.020068
0.023590
0.021590
0.021457
0.019882
0.020117
0.020080
0.019877
0.023701
0.022360
0.018602
0.021285
0.018586
0.021362
0.022807
0.023651
0.022230
0.019296
0.019615
0.020941
0.019733
0.018142
0.019875
0.020757
0.026917
0.020969
0.024616
0.019029
0.024041
0.032081
0.023237
0.026143
0.018749
0.015632
0.020742
0.020811
0.015503
0.016122
