0.138972
0.093515
0.081580
0.073056
0.076465
0.072684
0.069959
0.066451
0.065141
0.067902
0.067511
0.066610
0.062048
0.064537
0.064874
0.064151
0.059164
0.058712
0.058359
0.061000
0.056739
0.056965
0.057377
0.056817
0.056228
0.056814
0.058233
0.055558
0.054695
0.055098
0.056397
0.057023
0.054303
0.053005
0.055967
0.052892
0.054833
0.054186
0.055863
0.054531
0.055494
0.053761
0.051435
0.052301
0.051517
0.056123
0.052048
0.050378
0.053987
0.055912
0.051880
0.049497
0.050160
0.052049
0.050838
0.052893
0.052730
0.053651
0.051349
0.053301
0.052357
0.050661
0.050836
0.047586
0.046018
0.048629
0.047415
0.047501
0.047310
0.048358
0.046190
0.046868
0.045162
0.044924
0.047343
0.044176
0.044954
0.043622
0.045984
0.043602
0.044224
0.043640
0.042863
0.042609
0.047506
0.042509
0.047436
0.045088
0.044712
0.045686
0.046857
0.042855
0.046552
0.046473
0.040869
0.039892
0.043066
0.039181
0.040993
0.038807
0.042207
0.044266
0.042988
0.044221
0.042393
0.039502
0.037574
0.039169
0.037372
0.037492
0.035361
0.035814
0.036405
0.035891
0.035264
0.034323
0.033683
0.040527
0.031184
0.031491
0.033343
0.034875
0.029967
0.027748
0.028031
0.026303
0.024692
0.025747
0.025670
0.023502
0.023725
0.024889
0.022801
0.022393
0.024544
0.021553
0.018421
0.021189
0.021792
0.022186
0.023591
0.019759
0.022882
0.019452
0.019448
0.018779
0.019145
0.019657
0.019610
0.017135
