0.121381
0.075054
0.071461
0.070165
0.073083
0.068195
0.066751
0.064214
0.061225
0.062176
0.063402
0.058809
0.058651
0.059490
0.058662
0.057870
0.058617
0.057239
0.057556
0.055392
0.055871
0.050084
0.051215
0.050420
0.050596
0.053977
0.049413
0.054705
0.049964
0.053920
0.050416
0.051267
0.049875
0.051590
0.049452
0.047449
0.044313
0.046842
0.044302
0.045411
0.047868
0.047426
0.046069
0.045867
0.044570
0.045513
0.047185
0.045210
0.045143
0.044246
0.044831
0.045463
0.046017
0.041615
0.045465
0.045643
0.048002
0.045743
0.044210
0.043660
0.046412
0.045417
0.047012
0.044515
0.045948
0.045929
0.045922
0.046462
0.045773
0.043070
0.043689
0.046629
0.044839
0.048601
0.045420
0.044772
0.049984
0.044101
0.047423
0.045766
0.048357
0.044629
0.047630
0.046078
0.043749
0.045133
0.043922
0.046327
0.044653
0.044912
0.041776
0.040703
0.042053
0.043959
0.043639
0.044173
0.046161
0.044698
0.043686
0.044725
0.043103
0.043185
0.043574
0.043210
0.043830
0.044308
0.043569
0.044974
0.044357
0.045876
0.042491
0.042378
0.043782
0.043189
0.047187
0.043374
0.043223
0.046131
0.044963
0.043920
0.043061
0.044156
0.041910
0.040960
0.045917
0.041326
0.042163
0.044328
0.042729
0.040295
0.041753
0.042005
0.039686
0.040099
0.039085
0.038314
0.042145
0.036217
0.039529
0.036206
0.035204
0.037565
0.033732
0.036595
0.035469
0.034511
0.034089
0.034269
0.034086
0.036067
