0.112084
0.110181
0.102695
0.086082
0.071950
0.068562
0.073370
0.066281
0.058505
0.062458
0.056589
0.054257
0.054400
0.051778
0.051875
0.048990
0.044969
0.050243
0.043330
0.044928
0.042477
0.040858
0.045757
0.042380
0.040333
0.036490
0.035189
0.034119
0.031086
0.033756
0.031749
0.032907
0.025895
0.034248
0.027969
0.026392
0.022013
0.020984
0.022111
0.022248
0.022846
0.019936
0.020068
0.021620
0.019898
0.017819
0.018385
0.019434
0.018910
0.018037
0.018418
0.018029
0.018022
0.014899
0.016113
0.014719
0.014166
0.015238
0.014326
0.014132
0.014817
0.014171
0.015330
0.013500
0.016060
0.012903
0.013434
0.014392
0.012792
0.015423
0.011713
0.013891
0.012295
0.013021
0.012606
0.012243
0.012616
0.011646
0.013184
0.011624
0.012355
0.012347
0.011688
0.012666
0.010832
0.009365
0.009453
0.011373
0.011096
0.010235
0.010078
0.007079
0.009860
0.011195
0.007993
0.008271
0.007095
0.012874
0.008836
0.005941
0.007648
0.006478
0.005080
0.005800
0.005943
0.005150
0.004487
0.004627
0.003922
0.003035
0.003966
0.004348
0.003609
0.003773
0.003450
0.004169
0.003223
0.004702
0.002789
0.002931
0.002591
0.002623
0.001956
0.002056
0.003596
0.001906
0.002618
0.001688
0.002362
0.001950
0.001532
0.002018
0.001402
0.001290
0.001528
0.000678
0.001120
0.001500
0.001334
0.000716
0.001571
0.001253
0.001100
0.001052
0.001368
0.001044
0.001131
0.000693
0.000705
0.000930
