0.170000
0.175000
0.280000
0.345000
0.385000
0.475000
0.485000
0.505000
0.445000
0.445000
0.495000
0.515000
0.515000
0.560000
0.545000
0.560000
0.580000
0.595000
0.570000
0.600000
0.625000
0.550000
0.595000
0.625000
0.650000
0.515000
0.535000
0.635000
0.655000
0.655000
0.660000
0.660000
0.525000
0.485000
0.490000
0.495000
0.495000
0.500000
0.500000
0.500000
0.500000
0.505000
0.505000
0.510000
0.510000
0.505000
0.510000
0.515000
0.515000
0.510000
0.510000
0.535000
0.530000
0.535000
0.550000
0.550000
0.530000
0.590000
0.580000
0.555000
0.595000
0.590000
0.590000
0.680000
0.615000
0.595000
0.600000
0.625000
0.635000
0.690000
0.645000
0.650000
0.750000
0.695000
0.665000
0.675000
0.725000
0.645000
0.685000
0.745000
0.750000
0.810000
0.815000
0.760000
0.820000
0.835000
0.840000
0.840000
0.840000
0.830000
0.825000
0.830000
0.730000
0.770000
0.820000
0.825000
0.825000
0.825000
0.835000
0.840000
0.840000
0.840000
0.840000
0.840000
0.840000
0.840000
0.840000
0.840000
0.840000
0.840000
0.840000
0.840000
0.840000
0.840000
0.840000
0.840000
0.840000
0.840000
0.840000
0.840000
0.840000
0.840000
0.840000
0.840000
0.855000
0.860000
0.815000
0.840000
0.840000
0.840000
0.840000
0.830000
0.835000
0.830000
0.840000
0.835000
0.845000
0.905000
0.935000
0.945000
0.960000
0.960000
0.945000
0.975000
0.970000
0.945000
0.980000
0.985000
0.970000
0.975000
