0.170000
0.240000
0.195000
0.360000
0.415000
0.465000
0.490000
0.480000
0.415000
0.520000
0.525000
0.600000
0.635000
0.650000
0.680000
0.705000
0.745000
0.765000
0.690000
0.780000
0.780000
0.770000
0.725000
0.620000
0.745000
0.745000
0.785000
0.810000
0.800000
0.815000
0.825000
0.830000
0.830000
0.830000
0.820000
0.825000
0.820000
0.805000
0.815000
0.805000
0.800000
0.825000
0.825000
0.830000
0.830000
0.830000
0.820000
0.830000
0.830000
0.830000
0.830000
0.830000
0.830000
0.830000
0.830000
0.830000
0.830000
0.830000
0.830000
0.830000
0.830000
0.830000
0.830000
0.830000
0.830000
0.830000
0.830000
0.830000
0.830000
0.830000
0.830000
0.830000
0.830000
0.830000
0.830000
0.830000
0.830000
0.830000
0.830000
0.830000
0.830000
0.830000
0.830000
0.830000
0.830000
0.830000
0.830000
0.830000
0.830000
0.830000
0.830000
0.830000
0.830000
0.830000
0.830000
0.830000
0.830000
0.830000
0.830000
0.830000
0.830000
0.830000
0.830000
0.830000
0.830000
0.830000
0.830000
0.830000
0.830000
0.830000
0.830000
0.830000
0.835000
0.845000
0.845000
0.880000
0.895000
0.865000
0.860000
0.955000
0.980000
0.995000
0.990000
1.000000
1.000000
1.000000
1.000000
1.000000
1.000000
1.000000
0.995000
1.000000
0.985000
0.990000
0.995000
1.000000
1.000000
0.995000
1.000000
1.000000
1.000000
1.000000
0.995000
1.000000
1.000000
0.995000
1.000000
1.000000
1.000000
1.000000
