0.160000
0.225000
0.295000
0.275000
0.330000
0.450000
0.405000
0.450000
0.495000
0.450000
0.340000
0.465000
0.400000
0.490000
0.525000
0.575000
0.600000
0.650000
0.715000
0.715000
0.640000
0.645000
0.595000
0.675000
0.720000
0.755000
0.755000
0.730000
0.790000
0.685000
0.590000
0.645000
0.650000
0.755000
0.785000
0.780000
0.780000
0.820000
0.815000
0.805000
0.790000
0.835000
0.805000
0.815000
0.835000
0.835000
0.810000
0.835000
0.825000
0.835000
0.835000
0.835000
0.835000
0.825000
0.830000
0.835000
0.835000
0.835000
0.835000
0.835000
0.835000
0.835000
0.835000
0.835000
0.835000
0.835000
0.835000
0.835000
0.835000
0.835000
0.835000
0.835000
0.835000
0.835000
0.835000
0.835000
0.835000
0.835000
0.835000
0.835000
0.835000
0.835000
0.835000
0.835000
0.835000
0.835000
0.835000
0.835000
0.835000
0.835000
0.835000
0.835000
0.835000
0.835000
0.835000
0.835000
0.835000
0.835000
0.835000
0.835000
0.835000
0.835000
0.835000
0.835000
0.835000
0.835000
0.835000
0.835000
0.835000
0.835000
0.835000
0.835000
0.835000
0.835000
0.835000
0.835000
0.835000
0.835000
0.835000
0.835000
0.835000
0.835000
0.835000
0.835000
0.835000
0.835000
0.835000
0.835000
0.835000
0.835000
0.835000
0.835000
0.835000
0.835000
0.835000
0.835000
0.835000
0.835000
0.835000
0.835000
0.835000
0.835000
0.835000
0.835000
0.835000
0.835000
0.835000
0.835000
0.835000
0.835000
