0.393758
0.263442
0.230849
0.180962
0.162680
0.132154
0.104636
0.063213
0.046062
0.048581
0.055472
0.045541
0.042093
0.037605
0.037526
0.035411
0.034911
0.030325
0.024331
0.027631
0.030244
0.032221
0.030648
0.028572
0.028143
0.023934
0.020862
0.025446
0.018921
0.034064
0.036391
0.032307
0.026908
0.019530
0.018220
0.020546
0.020355
0.014636
0.014602
0.013592
0.016047
0.012720
0.014004
0.013716
0.013005
0.013566
0.014569
0.012707
0.012745
0.011763
0.011139
0.012701
0.012089
0.012009
0.013766
0.011654
0.012218
0.013602
0.010412
0.011194
0.010335
0.010309
0.010373
0.010917
0.011746
0.010243
0.010770
0.010214
0.010065
0.011709
0.011562
0.011688
0.012452
0.012370
0.009825
0.009744
0.010686
0.012314
0.009846
0.010537
0.010539
0.010535
0.010570
0.009700
0.009664
0.009700
0.010487
0.011303
0.009695
0.010454
0.012132
0.010525
0.009602
0.010455
0.010435
0.009649
0.010447
0.010394
0.010432
0.011237
0.012081
0.009557
0.012972
0.012116
0.011278
0.012071
0.012107
0.010398
0.012035
0.010369
0.009514
0.010332
0.010353
0.012020
0.011171
0.009521
0.011179
0.010338
0.011987
0.009500
0.011189
0.010341
0.011158
0.009506
0.011975
0.009487
0.012796
0.009435
0.009463
0.009437
0.009454
0.010290
0.011984
0.010294
0.011963
0.010281
0.011138
0.010310
0.011948
0.010268
0.010269
0.010240
0.009420
0.011939
0.010228
0.010248
0.011093
0.009414
0.011092
0.010220
