0.479365
0.303760
0.120979
0.062908
0.055247
0.050557
0.049453
0.048499
0.051071
0.049446
0.046969
0.043822
0.044460
0.042181
0.043568
0.043287
0.041747
0.039327
0.043242
0.041557
0.040392
0.043953
0.038356
0.038437
0.036157
0.044073
0.042155
0.038503
0.036231
0.036744
0.034617
0.034359
0.045694
0.041975
0.043805
0.041560
0.043199
0.044609
0.042890
0.042039
0.043579
0.041991
0.041622
0.039938
0.041529
0.041585
0.042175
0.041508
0.042254
0.042229
0.040556
0.042502
0.041643
0.040703
0.042688
0.040479
0.041498
0.038840
0.040093
0.040389
0.038960
0.039201
0.038097
0.032406
0.034862
0.039109
0.040323
0.035500
0.035870
0.032505
0.031183
0.036047
0.030304
0.032959
0.035504
0.035407
0.032915
0.032895
0.028767
0.028694
0.026819
0.027366
0.025527
0.029011
0.027338
0.024148
0.023631
0.023504
0.021972
0.024248
0.023808
0.026897
0.031864
0.031373
0.025848
0.025986
0.022839
0.023417
0.020331
0.022865
0.022716
0.019828
0.019820
0.022143
0.020290
0.021003
0.021534
0.019472
0.021201
0.020369
0.021207
0.020201
0.020422
0.021814
0.022333
0.021422
0.020231
0.021966
0.019454
0.020988
0.022074
0.021178
0.021094
0.022688
0.021618
0.018827
0.020057
0.018501
0.017946
0.016228
0.017999
0.015346
0.018487
0.019780
0.016811
0.016255
0.015046
0.013576
0.011036
0.011993
0.010834
0.009718
0.009564
0.010257
0.008829
0.011018
0.009325
0.008717
0.009974
0.010287
