0.505892
0.315309
0.293875
0.248077
0.190680
0.157134
0.098361
0.066590
0.051091
0.045843
0.042474
0.034377
0.031204
0.028552
0.027056
0.025005
0.024203
0.024445
0.024897
0.024069
0.022373
0.020690
0.026689
0.031582
0.025559
0.021332
0.020188
0.019041
0.017505
0.019743
0.015184
0.014749
0.014427
0.014164
0.014199
0.015029
0.013880
0.014678
0.016747
0.015558
0.017666
0.014598
0.017733
0.015151
0.012127
0.014407
0.013418
0.011713
0.013264
0.013805
0.012103
0.011497
0.010699
0.011400
0.011294
0.011545
0.012912
0.010402
0.011231
0.011100
0.010305
0.010215
0.010972
0.011013
0.010090
0.011712
0.010910
0.011776
0.010810
0.010870
0.011610
0.011585
0.010787
0.010728
0.009953
0.009908
0.012370
0.010807
0.010721
0.011570
0.009911
0.012297
0.010692
0.010667
0.010750
0.010659
0.010763
0.010669
0.011551
0.010610
0.011452
0.012306
0.009829
0.011444
0.009817
0.010605
0.012293
0.011505
0.010660
0.011454
0.009786
0.011380
0.010601
0.010575
0.010553
0.010580
0.011382
0.012216
0.011426
0.010558
0.010549
0.011389
0.011297
0.010191
0.010242
0.009524
0.008626
0.011446
0.011711
0.008118
0.008258
0.008282
0.007315
0.007386
0.006268
0.006352
0.006755
0.005783
0.006042
0.005843
0.004679
0.003870
0.003903
0.003791
0.003443
0.002417
0.001891
0.001713
0.001650
0.001164
0.001153
0.001211
0.001159
0.001254
0.000953
0.001521
0.000943
0.000815
0.000833
0.000663
