0.154219
0.062712
0.062712
0.062712
0.062825
0.062712
0.062712
0.062712
0.062712
0.062712
0.062712
0.062712
0.062712
0.062712
0.062712
0.062712
0.062712
0.062712
0.062712
0.062712
0.062712
0.062712
0.062712
0.062712
0.062712
0.062712
0.062712
0.062712
0.062712
0.062712
0.062712
0.062712
0.062712
0.062712
0.062712
0.062712
0.062712
0.062712
0.062712
0.062712
0.062595
0.062595
0.062595
0.062517
0.062089
0.062127
0.061893
0.061816
0.061234
0.062127
0.061465
0.061232
0.061192
0.061305
0.060833
0.061304
0.059637
0.083189
0.062712
0.062712
0.062712
0.062712
0.062712
0.062712
0.062712
0.062712
0.062712
0.062712
0.062712
0.062712
0.062712
0.062712
0.062207
0.063430
0.062712
0.062712
0.062712
0.062712
0.062712
0.062712
0.062712
0.062712
0.062712
0.062712
0.062712
0.062712
0.062595
0.062595
0.062595
0.062595
0.062595
0.062361
0.061973
0.060606
0.057868
0.057312
0.056560
0.056813
0.056233
0.055403
0.054950
0.055023
0.054902
0.053487
0.054562
0.055464
0.055330
0.053139
0.054402
0.054204
0.053992
0.053823
0.053719
0.053684
0.053444
0.054113
0.053392
0.053462
0.053430
0.052567
0.054202
0.053545
0.051683
0.056141
0.054719
0.054127
0.055313
0.054353
0.054503
0.053180
0.052702
0.052639
0.053803
0.054150
0.056046
0.054066
0.054564
0.051502
0.053033
0.052165
0.052958
0.052877
0.052945
0.052898
0.052860
0.051163
0.052837
0.052832
0.051949
0.052801
