0.126365
0.103525
0.088086
0.085174
0.084480
0.073207
0.074327
0.073086
0.074274
0.073839
0.072895
0.072863
0.072860
0.073262
0.073266
0.072693
0.070715
0.071008
0.069932
0.072759
0.071091
0.069379
0.068206
0.068864
0.069343
0.069845
0.068559
0.069040
0.066842
0.068367
0.067413
0.068359
0.064792
0.065659
0.065519
0.064268
0.065170
0.064940
0.063418
0.063788
0.064654
0.063902
0.063951
0.061626
0.060755
0.061759
0.062072
0.062888
0.064124
0.062518
0.059976
0.060387
0.059856
0.057677
0.059768
0.057786
0.055950
0.058329
0.054501
0.055056
0.055141
0.055040
0.055536
0.051823
0.055312
0.052293
0.050370
0.057102
0.055463
0.051799
0.052041
0.050788
0.052227
0.055973
0.050370
0.050041
0.049638
0.047031
0.053530
0.047257
0.048444
0.050003
0.047222
0.048754
0.047915
0.045716
0.046558
0.045598
0.050509
0.052433
0.046810
0.046707
0.044407
0.046558
0.042592
0.044144
0.039125
0.040181
0.040959
0.039422
0.043737
0.038981
0.034079
0.038993
0.037159
0.036551
0.034972
0.030516
0.033337
0.032823
0.032729
0.038028
0.035730
0.034395
0.031699
0.030500
0.032388
0.033771
0.033402
0.032483
0.028986
0.032171
0.027966
0.032004
0.032051
0.029541
0.026238
0.027963
0.026466
0.027827
0.030605
0.039114
0.082290
0.057584
0.071342
0.073282
0.072410
0.072803
0.070435
0.071613
0.069149
0.068842
0.071307
0.066510
0.070132
0.062356
0.062489
0.061306
0.059356
0.059908
