0.167107
0.080024
0.075281
0.072580
0.071203
0.072152
0.071964
0.068431
0.070081
0.066913
0.068470
0.066307
0.066117
0.064697
0.065602
0.065140
0.062050
0.063308
0.064782
0.062687
0.062667
0.061252
0.061546
0.061695
0.065052
0.061058
0.060522
0.062266
0.062424
0.062946
0.061875
0.059458
0.060809
0.063697
0.061430
0.058728
0.062420
0.059848
0.059960
0.061152
0.060676
0.061627
0.059089
0.068333
0.058949
0.060381
0.059403
0.058344
0.060853
0.057949
0.062408
0.059496
0.060235
0.059492
0.058072
0.056859
0.058763
0.058557
0.058634
0.058020
0.060060
0.057135
0.057068
0.057773
0.057121
0.057641
0.057710
0.059839
0.057850
0.057443
0.057786
0.055752
0.056078
0.058982
0.058729
0.056707
0.058183
0.055347
0.058955
0.057511
0.055785
0.059205
0.058878
0.057884
0.057469
0.056703
0.058415
0.057600
0.055135
0.059289
0.058409
0.058249
0.057721
0.060241
0.059468
0.058109
0.061394
0.057907
0.057984
0.057858
0.060253
0.058553
0.055105
0.058215
0.055969
0.055802
0.059726
0.056927
0.056218
0.057164
0.057926
0.056731
0.055808
0.056417
0.057580
0.055422
0.053992
0.059876
0.055218
0.056934
0.056882
0.056971
0.058245
0.056361
0.054239
0.057243
0.060220
0.059520
0.058211
0.058513
0.059753
0.056662
0.061036
0.061159
0.058822
0.056753
0.056724
0.055528
0.057769
0.055295
0.055796
0.052895
0.057973
0.053063
0.053891
0.054738
0.052911
0.052803
0.052129
0.051039
