0.112982
0.089068
0.072299
0.073173
0.072140
0.071285
0.067002
0.069178
0.064864
0.067425
0.062508
0.063389
0.062474
0.063199
0.062191
0.061187
0.063050
0.061170
0.063756
0.062965
0.063484
0.058237
0.061251
0.060048
0.058429
0.060512
0.057323
0.057900
0.058341
0.059663
0.057819
0.057718
0.057511
0.057168
0.055426
0.055932
0.053492
0.057367
0.055793
0.055949
0.055969
0.054671
0.056970
0.054530
0.052683
0.054969
0.054490
0.053044
0.054060
0.049352
0.052901
0.050379
0.052608
0.047171
0.050012
0.051248
0.051109
0.052612
0.051242
0.048587
0.049641
0.048894
0.048917
0.052896
0.047467
0.051245
0.049435
0.051997
0.046541
0.046589
0.048704
0.047743
0.048403
0.049921
0.050839
0.044024
0.047055
0.044167
0.044955
0.042087
0.044041
0.043936
0.045987
0.043856
0.039653
0.043466
0.037305
0.046062
0.041653
0.045214
0.039372
0.038420
0.040322
0.039685
0.037582
0.040271
0.041984
0.040740
0.037423
0.038627
0.040639
0.038673
0.039741
0.043179
0.042123
0.040957
0.040594
0.038071
0.039755
0.038038
0.037583
0.038301
0.039864
0.037891
0.042841
0.042401
0.037103
0.038510
0.037261
0.036433
0.037971
0.036711
0.035590
0.035880
0.035990
0.034856
0.034348
0.039890
0.035110
0.040307
0.042936
0.039561
0.040436
0.042132
0.039553
0.038969
0.041620
0.045078
0.040108
0.036589
0.042729
0.039979
0.036330
0.040944
0.043682
0.037069
0.035940
0.036474
0.036740
0.037092
