0.099819
0.075513
0.069579
0.070735
0.071203
0.069167
0.066639
0.068955
0.067936
0.065867
0.066938
0.067570
0.067556
0.067004
0.067691
0.065885
0.065587
0.065329
0.063888
0.064625
0.064119
0.064248
0.063621
0.062778
0.062702
0.063350
0.062331
0.064499
0.059993
0.063165
0.061705
0.063152
0.063406
0.062265
0.063135
0.062461
0.064450
0.063194
0.059931
0.060738
0.062602
0.060373
0.060257
0.062789
0.059558
0.060700
0.064030
0.064803
0.056126
0.056332
0.062176
0.060456
0.059380
0.057808
0.057882
0.057633
0.060129
0.061205
0.062569
0.058330
0.062633
0.061877
0.063148
0.062719
0.063199
0.062219
0.060073
0.061741
0.060930
0.060018
0.059262
0.056617
0.057773
0.058646
0.058618
0.060497
0.060203
0.057356
0.059572
0.056506
0.057178
0.056611
0.056867
0.058740
0.057683
0.058655
0.057291
0.058932
0.057842
0.058470
0.055455
0.055788
0.057026
0.059271
0.058935
0.057240
0.056403
0.056667
0.057670
0.056835
0.055544
0.054027
0.057734
0.054530
0.054064
0.057287
0.052274
0.055073
0.056159
0.054523
0.056562
0.051625
0.048454
0.052614
0.053790
0.048984
0.050875
0.046449
0.044098
0.048442
0.046634
0.043021
0.043606
0.043339
0.041810
0.041236
0.042266
0.042868
0.041058
0.040975
0.042557
0.040701
0.042475
0.040753
0.041741
0.039859
0.038968
0.042023
0.039550
0.039534
0.038782
0.038353
0.038288
0.037943
0.035030
0.034916
0.035626
0.036134
0.032806
0.035680
