0.140671
0.072467
0.071018
0.070427
0.069187
0.069036
0.070376
0.067815
0.065568
0.061772
0.062503
0.061343
0.060600
0.056274
0.059258
0.058581
0.060876
0.060628
0.056295
0.055145
0.061110
0.053432
0.054996
0.056609
0.051898
0.057677
0.053262
0.054311
0.050459
0.048638
0.052102
0.052349
0.053560
0.049599
0.050190
0.049933
0.048301
0.045264
0.044435
0.041921
0.043051
0.044102
0.040366
0.038146
0.041779
0.038448
0.039413
0.036163
0.036774
0.038412
0.032681
0.035213
0.036076
0.029054
0.031426
0.034483
0.036219
0.028830
0.026913
0.028126
0.028984
0.026301
0.026985
0.027025
0.026478
0.024805
0.023417
0.029098
0.025240
0.019876
0.021328
0.020421
0.022264
0.021400
0.021194
0.017838
0.019921
0.018098
0.019376
0.016888
0.020245
0.020214
0.019202
0.015699
0.014454
0.015916
0.016425
0.015587
0.021474
0.018762
0.016943
0.019746
0.016068
0.018528
0.016643
0.018537
0.021450
0.018208
0.018190
0.020419
0.019726
0.017117
0.015712
0.017250
0.017990
0.016922
0.016199
0.015385
0.016701
0.015238
0.015123
0.016459
0.014929
0.016820
0.015875
0.014998
0.013374
0.017096
0.013801
0.016805
0.013089
0.017026
0.015172
0.015813
0.016101
0.014655
0.016895
0.015136
0.014401
0.015419
0.014649
0.013275
0.013858
0.012992
0.015954
0.016053
0.015832
0.012327
0.012887
0.013754
0.014481
0.014745
0.013791
0.014158
0.013362
0.012453
0.014431
0.011597
0.012058
0.013093
