0.129437
0.086203
0.077630
0.073215
0.072546
0.074138
0.074301
0.073174
0.071955
0.070839
0.071203
0.071670
0.071670
0.071670
0.071670
0.071670
0.071670
0.071828
0.072108
0.072392
0.071494
0.072690
0.070572
0.071281
0.070966
0.069116
0.069322
0.069686
0.068491
0.068575
0.068627
0.069634
0.069956
0.070660
0.070418
0.070493
0.067978
0.069885
0.069176
0.070318
0.068434
0.069107
0.070291
0.068440
0.068288
0.067582
0.067853
0.069436
0.069750
0.069934
0.066473
0.066563
0.066798
0.067441
0.067858
0.069534
0.066192
0.067192
0.066379
0.064642
0.066000
0.064022
0.066029
0.067678
0.066439
0.064883
0.067801
0.067708
0.064605
0.065783
0.064649
0.061359
0.062636
0.063547
0.063359
0.064640
0.065503
0.063854
0.062174
0.061355
0.061927
0.060400
0.061546
0.059088
0.059689
0.061052
0.060681
0.057723
0.066013
0.061549
0.063015
0.059611
0.055443
0.056801
0.059238
0.054575
0.056084
0.056505
0.057180
0.056493
0.054402
0.054640
0.054186
0.055832
0.054364
0.056398
0.053778
0.049605
0.052532
0.057197
0.054535
0.058471
0.053654
0.052304
0.050835
0.051119
0.051806
0.050182
0.055652
0.056309
0.053400
0.064295
0.053889
0.063627
0.066026
0.059304
0.056152
0.063879
0.057446
0.053602
0.053697
0.052758
0.050886
0.056888
0.053501
0.051820
0.047481
0.049898
0.050731
0.048058
0.048498
0.050964
0.050997
0.069344
0.049925
0.047982
0.051560
0.053442
0.055132
0.055311
