0.155000
0.135000
0.195000
0.180000
0.175000
0.200000
0.220000
0.220000
0.235000
0.260000
0.260000
0.285000
0.290000
0.275000
0.305000
0.335000
0.360000
0.340000
0.390000
0.380000
0.355000
0.405000
0.325000
0.330000
0.355000
0.415000
0.425000
0.430000
0.395000
0.425000
0.425000
0.490000
0.585000
0.595000
0.570000
0.565000
0.625000
0.625000
0.650000
0.625000
0.605000
0.665000
0.705000
0.595000
0.605000
0.655000
0.555000
0.625000
0.640000
0.630000
0.700000
0.695000
0.700000
0.680000
0.715000
0.730000
0.715000
0.700000
0.705000
0.680000
0.715000
0.750000
0.690000
0.810000
0.750000
0.775000
0.770000
0.805000
0.795000
0.875000
0.810000
0.855000
0.850000
0.870000
0.875000
0.845000
0.870000
0.860000
0.860000
0.840000
0.850000
0.900000
0.895000
0.890000
0.900000
0.850000
0.925000
0.875000
0.860000
0.870000
0.910000
0.920000
0.910000
0.905000
0.935000
0.895000
0.860000
0.900000
0.935000
0.935000
0.890000
0.905000
0.920000
0.950000
0.950000
0.965000
0.955000
0.955000
0.945000
0.965000
0.960000
0.905000
0.920000
0.905000
0.930000
0.915000
0.945000
0.960000
0.955000
0.960000
0.970000
0.960000
0.965000
0.975000
0.985000
0.995000
0.990000
0.975000
0.985000
0.980000
0.990000
0.975000
0.985000
0.975000
0.970000
0.965000
0.975000
0.985000
0.980000
0.935000
0.970000
0.965000
0.955000
0.940000
0.950000
0.940000
0.965000
0.975000
0.985000
0.985000
