0.160000
0.175000
0.150000
0.150000
0.160000
0.170000
0.170000
0.175000
0.225000
0.210000
0.240000
0.220000
0.280000
0.275000
0.285000
0.270000
0.280000
0.280000
0.310000
0.285000
0.295000
0.310000
0.330000
0.330000
0.340000
0.315000
0.310000
0.310000
0.300000
0.325000
0.360000
0.355000
0.390000
0.335000
0.365000
0.350000
0.340000
0.340000
0.370000
0.405000
0.380000
0.375000
0.355000
0.375000
0.390000
0.365000
0.410000
0.430000
0.425000
0.415000
0.370000
0.420000
0.450000
0.430000
0.365000
0.350000
0.385000
0.385000
0.410000
0.430000
0.510000
0.505000
0.460000
0.490000
0.465000
0.430000
0.460000
0.445000
0.480000
0.550000
0.530000
0.495000
0.555000
0.530000
0.565000
0.630000
0.615000
0.695000
0.575000
0.650000
0.600000
0.665000
0.635000
0.670000
0.745000
0.685000
0.740000
0.780000
0.755000
0.675000
0.670000
0.700000
0.675000
0.740000
0.775000
0.800000
0.705000
0.735000
0.735000
0.790000
0.780000
0.735000
0.790000
0.795000
0.810000
0.800000
0.855000
0.825000
0.820000
0.845000
0.885000
0.865000
0.850000
0.860000
0.830000
0.775000
0.825000
0.840000
0.870000
0.885000
0.880000
0.910000
0.925000
0.920000
0.900000
0.895000
0.900000
0.920000
0.930000
0.905000
0.900000
0.910000
0.900000
0.940000
0.935000
0.935000
0.915000
0.930000
0.890000
0.935000
0.915000
0.955000
0.905000
0.900000
0.885000
0.935000
0.890000
0.910000
0.940000
0.920000
