0.165000
0.140000
0.160000
0.155000
0.155000
0.185000
0.190000
0.185000
0.200000
0.200000
0.195000
0.240000
0.170000
0.175000
0.245000
0.265000
0.270000
0.220000
0.225000
0.260000
0.275000
0.265000
0.345000
0.295000
0.345000
0.380000
0.345000
0.350000
0.400000
0.420000
0.375000
0.385000
0.380000
0.420000
0.440000
0.415000
0.430000
0.405000
0.480000
0.475000
0.350000
0.380000
0.435000
0.435000
0.460000
0.515000
0.485000
0.520000
0.455000
0.585000
0.650000
0.605000
0.615000
0.620000
0.695000
0.705000
0.680000
0.620000
0.615000
0.645000
0.665000
0.680000
0.660000
0.710000
0.610000
0.565000
0.580000
0.680000
0.675000
0.730000
0.755000
0.720000
0.800000
0.775000
0.760000
0.695000
0.735000
0.720000
0.735000
0.800000
0.680000
0.710000
0.770000
0.755000
0.805000
0.765000
0.780000
0.805000
0.810000
0.845000
0.815000
0.800000
0.830000
0.815000
0.845000
0.815000
0.775000
0.820000
0.905000
0.855000
0.875000
0.860000
0.865000
0.810000
0.835000
0.850000
0.860000
0.865000
0.800000
0.845000
0.890000
0.875000
0.870000
0.820000
0.845000
0.945000
0.915000
0.875000
0.915000
0.895000
0.850000
0.860000
0.820000
0.805000
0.790000
0.805000
0.830000
0.775000
0.870000
0.855000
0.885000
0.900000
0.915000
0.940000
0.910000
0.910000
0.930000
0.900000
0.900000
0.930000
0.940000
0.935000
0.950000
0.955000
0.980000
0.910000
0.945000
0.915000
0.915000
0.920000
