0.115277
0.062556
0.062990
0.062598
0.062445
0.063150
0.063410
0.062635
0.061088
0.061104
0.061052
0.060496
0.060582
0.060817
0.058595
0.058950
0.059089
0.058647
0.058526
0.058459
0.057305
0.056237
0.057013
0.056447
0.056837
0.056732
0.055059
0.055125
0.054271
0.055050
0.054488
0.051861
0.054318
0.055073
0.055215
0.053954
0.049988
0.052660
0.054046
0.053338
0.053086
0.052728
0.052165
0.051959
0.049185
0.048073
0.051647
0.052725
0.049679
0.049351
0.048732
0.051497
0.050613
0.049182
0.049739
0.046470
0.046628
0.049082
0.046752
0.045455
0.044882
0.047340
0.047504
0.046930
0.047279
0.045554
0.042561
0.042530
0.036134
0.039470
0.041042
0.039865
0.035608
0.034895
0.034708
0.033247
0.037593
0.038646
0.032575
0.037029
0.038200
0.029439
0.033379
0.029863
0.027669
0.028610
0.028757
0.025477
0.025631
0.025508
0.025311
0.023179
0.020899
0.020851
0.016509
0.025637
0.017660
0.016307
0.013719
0.019321
0.018140
0.019691
0.016463
0.014770
0.014058
0.011577
0.020801
0.022614
0.011415
0.013050
0.012110
0.011500
0.011568
0.009030
0.011179
0.013492
0.011631
0.015074
0.010281
0.012776
0.013944
0.012394
0.013314
0.011464
0.007834
0.007145
0.006745
0.010490
0.006292
0.006237
0.008001
0.010602
0.010860
0.009994
0.011589
0.017441
0.008586
0.008033
0.006712
0.007380
0.005626
0.006989
0.006775
0.004657
0.004682
0.003601
0.003164
0.003049
0.008408
0.004422
