0.148489
0.067273
0.064605
0.063642
0.062712
0.062920
0.062871
0.064212
0.062632
0.063273
0.062865
0.061138
0.060050
0.059383
0.056040
0.056996
0.056927
0.056428
0.054175
0.055467
0.052992
0.055324
0.055261
0.053699
0.058080
0.056423
0.055667
0.055008
0.055352
0.055815
0.051612
0.050158
0.047317
0.049921
0.047266
0.052557
0.056123
0.053009
0.050943
0.050313
0.044976
0.047475
0.050227
0.048423
0.044170
0.043961
0.047317
0.041713
0.039705
0.039838
0.040624
0.044128
0.049409
0.051292
0.051010
0.047570
0.042632
0.043891
0.039176
0.040266
0.039069
0.034807
0.032011
0.034199
0.029937
0.030972
0.027519
0.038259
0.028720
0.022934
0.025883
0.023314
0.020595
0.030135
0.040038
0.042522
0.030457
0.031664
0.035411
0.029395
0.030919
0.026618
0.026209
0.020910
0.025487
0.028164
0.026781
0.029693
0.027072
0.021580
0.021101
0.021347
0.024154
0.024046
0.020485
0.024828
0.022975
0.015082
0.017526
0.018273
0.013563
0.013062
0.012491
0.012372
0.010846
0.009671
0.010909
0.012596
0.011575
0.009386
0.010030
0.019847
0.019682
0.017688
0.016050
0.011674
0.009063
0.009430
0.008261
0.005820
0.006745
0.006091
0.006697
0.006200
0.005377
0.005551
0.006240
0.005425
0.005932
0.006359
0.006990
0.006765
0.012122
0.010512
0.009164
0.009016
0.007027
0.007523
0.005377
0.010298
0.008820
0.008853
0.004361
0.010165
0.009013
0.013447
0.005475
0.005380
0.006106
0.007617
