0.209124
0.071820
0.062992
0.062519
0.062478
0.062673
0.062166
0.062052
0.062207
0.061349
0.062177
0.061354
0.062200
0.061389
0.059741
0.060733
0.059530
0.056765
0.055600
0.053413
0.054339
0.052822
0.053363
0.050796
0.052551
0.050611
0.052812
0.051148
0.051583
0.049390
0.047407
0.056030
0.050184
0.048801
0.049783
0.044552
0.046987
0.044171
0.044370
0.042033
0.048223
0.049335
0.045610
0.041595
0.045424
0.045977
0.037558
0.035073
0.035521
0.036696
0.029417
0.038093
0.030807
0.042622
0.031475
0.028172
0.028960
0.037384
0.065681
0.031448
0.030797
0.028038
0.029716
0.027520
0.028748
0.030477
0.029385
0.024789
0.026304
0.024833
0.021223
0.019554
0.014363
0.019074
0.018425
0.020521
0.018889
0.019362
0.015357
0.018929
0.015397
0.015795
0.014075
0.016242
0.014640
0.015478
0.010601
0.010325
0.012452
0.012759
0.013088
0.013045
0.011469
0.013783
0.010483
0.012562
0.009119
0.007812
0.012012
0.014784
0.017571
0.009610
0.013940
0.013873
0.010804
0.012944
0.011526
0.009160
0.014255
0.010737
0.013336
0.011950
0.016710
0.013261
0.009422
0.007743
0.005642
0.006849
0.005611
0.004676
0.003761
0.005147
0.005796
0.005210
0.009972
0.020782
0.018387
0.016540
0.011144
0.005896
0.007701
0.007488
0.007921
0.008796
0.004159
0.005377
0.007554
0.010766
0.009571
0.010748
0.006854
0.006943
0.003866
0.005792
0.005355
0.005014
0.004894
0.005934
0.005345
0.006605
