0.136128
0.080956
0.063606
0.061878
0.062426
0.061529
0.059750
0.058103
0.056749
0.055585
0.055573
0.053911
0.051484
0.052782
0.052243
0.050678
0.052100
0.051529
0.049828
0.052135
0.050307
0.048552
0.049235
0.047661
0.045998
0.045515
0.048745
0.048979
0.050470
0.049846
0.045189
0.045298
0.039535
0.039838
0.045623
0.037354
0.034138
0.038502
0.031493
0.032665
0.036456
0.029097
0.029621
0.040576
0.036574
0.034412
0.054642
0.031905
0.042296
0.031885
0.030682
0.032880
0.026691
0.029334
0.026788
0.030399
0.026220
0.029416
0.034142
0.028704
0.029142
0.020893
0.027779
0.018039
0.021435
0.018930
0.021521
0.016600
0.019091
0.015684
0.015968
0.013758
0.013213
0.012994
0.012008
0.013482
0.014759
0.011761
0.015053
0.014075
0.012711
0.010314
0.009784
0.008816
0.008080
0.011202
0.009116
0.011436
0.010117
0.011728
0.008363
0.007622
0.009013
0.009765
0.007130
0.012957
0.012955
0.010045
0.007936
0.007538
0.010121
0.009740
0.006530
0.006151
0.005125
0.004799
0.004136
0.003847
0.005204
0.004219
0.005915
0.006915
0.009461
0.007049
0.007030
0.006793
0.005998
0.003829
0.003263
0.003896
0.003521
0.004192
0.003222
0.003082
0.002236
0.001151
0.001498
0.002134
0.001634
0.002500
0.001336
0.002532
0.001416
0.002752
0.003367
0.002596
0.001976
0.002087
0.001773
0.005425
0.005217
0.004036
0.004436
0.005246
0.006384
0.004968
0.003362
0.001984
0.001993
0.002704
