0.136641
0.082851
0.062827
0.062715
0.062832
0.062676
0.062707
0.062590
0.062232
0.060536
0.060129
0.059407
0.058991
0.059315
0.057272
0.057979
0.057805
0.057187
0.056334
0.057088
0.056034
0.056223
0.055501
0.055860
0.056170
0.056798
0.056023
0.054917
0.056564
0.053996
0.052432
0.054582
0.052874
0.054171
0.053393
0.051745
0.051934
0.052065
0.051308
0.050308
0.049104
0.050035
0.050616
0.054877
0.050822
0.049381
0.051415
0.047648
0.045431
0.049564
0.050149
0.045655
0.047941
0.047377
0.051210
0.054094
0.053778
0.048203
0.045761
0.044697
0.040406
0.043124
0.047545
0.041885
0.047639
0.047888
0.046614
0.044688
0.040696
0.040744
0.043180
0.040532
0.042288
0.039149
0.039776
0.039928
0.039748
0.030964
0.033775
0.034876
0.032038
0.030484
0.032942
0.026900
0.023821
0.025816
0.027916
0.026032
0.022515
0.028131
0.027112
0.025003
0.026858
0.026772
0.022977
0.027140
0.023052
0.025007
0.025525
0.021646
0.020776
0.029233
0.020811
0.022234
0.017714
0.015820
0.016289
0.017371
0.018755
0.016355
0.011568
0.013093
0.014965
0.017242
0.014573
0.023010
0.016902
0.013665
0.015419
0.009780
0.011618
0.009202
0.008650
0.007437
0.010768
0.009077
0.009322
0.008176
0.008225
0.008131
0.009043
0.009566
0.008119
0.004911
0.007214
0.006502
0.006965
0.008255
0.008312
0.007480
0.007972
0.006492
0.008561
0.008108
0.008872
0.007769
0.009648
0.009113
0.007531
0.007808
