0.095075
0.062951
0.062598
0.062673
0.062870
0.062523
0.062133
0.062367
0.061975
0.061859
0.062213
0.061814
0.062521
0.062170
0.061313
0.060871
0.061609
0.061539
0.060800
0.061645
0.058922
0.057247
0.056151
0.055992
0.055097
0.054299
0.053333
0.055152
0.053604
0.050181
0.054083
0.055124
0.054104
0.050686
0.046465
0.049932
0.047853
0.048469
0.046245
0.050549
0.056550
0.050608
0.047925
0.050810
0.044729
0.044347
0.039644
0.039642
0.049742
0.045373
0.038174
0.036372
0.033274
0.034730
0.029707
0.030182
0.026834
0.030399
0.035320
0.031827
0.028093
0.029305
0.028509
0.031137
0.039351
0.036735
0.033705
0.031217
0.028024
0.023889
0.023410
0.023874
0.020038
0.020210
0.020107
0.036697
0.026803
0.027610
0.024100
0.022023
0.041787
0.029529
0.023690
0.021361
0.018498
0.019137
0.024933
0.019202
0.018101
0.017918
0.018319
0.017291
0.015954
0.016869
0.014403
0.016021
0.017189
0.018137
0.011663
0.011479
0.013482
0.011557
0.011940
0.016977
0.016296
0.013956
0.013876
0.014842
0.019382
0.014257
0.015149
0.013933
0.012558
0.020482
0.012297
0.011083
0.012049
0.012826
0.008653
0.012960
0.015089
0.012156
0.018842
0.022509
0.020630
0.020231
0.016888
0.020398
0.013877
0.012355
0.010347
0.010247
0.007810
0.010294
0.009963
0.008092
0.009754
0.009683
0.008041
0.008499
0.007093
0.005390
0.005323
0.005257
0.003631
0.006381
0.005923
0.008918
0.007378
0.008683
