0.098469
0.082547
0.073627
0.071369
0.071670
0.071670
0.071670
0.071670
0.071670
0.071670
0.071670
0.071670
0.071670
0.071670
0.071670
0.071670
0.071670
0.071670
0.071670
0.071670
0.071670
0.071670
0.071670
0.071670
0.071670
0.071670
0.071670
0.071670
0.071670
0.071670
0.071670
0.075571
0.069594
0.071670
0.071670
0.071670
0.071670
0.071670
0.071670
0.071670
0.071670
0.070839
0.070139
0.071001
0.070893
0.068325
0.070448
0.069609
0.071670
0.071670
0.071670
0.071670
0.071670
0.071670
0.071670
0.071670
0.071670
0.071670
0.071670
0.071670
0.071670
0.071670
0.071670
0.071670
0.071670
0.071670
0.071670
0.070839
0.070179
0.068522
0.069540
0.067457
0.069229
0.069107
0.069459
0.068495
0.068473
0.067421
0.065879
0.066229
0.066937
0.066333
0.066905
0.067311
0.066192
0.066137
0.064458
0.068158
0.066299
0.068524
0.064983
0.063853
0.067390
0.066179
0.067084
0.066398
0.066539
0.068727
0.064336
0.063726
0.064450
0.063506
0.064345
0.062339
0.064809
0.064119
0.064123
0.063919
0.063547
0.062820
0.063142
0.058570
0.059730
0.057998
0.060812
0.057497
0.053899
0.057473
0.053417
0.053822
0.052026
0.052638
0.054187
0.049614
0.053275
0.048908
0.052271
0.054538
0.052344
0.051432
0.050880
0.053001
0.049571
0.050021
0.051443
0.049846
0.049983
0.045815
0.049657
0.048251
0.049806
0.050170
0.047438
0.051126
0.050004
0.049086
0.047310
0.047952
0.046864
0.047894
