0.079137
0.073111
0.071203
0.071670
0.071670
0.071670
0.071670
0.071670
0.071670
0.071670
0.071670
0.071670
0.071670
0.071670
0.071670
0.071670
0.071670
0.071670
0.071670
0.071670
0.071670
0.071670
0.071670
0.071670
0.071670
0.071670
0.071670
0.071670
0.071670
0.071670
0.071670
0.071670
0.071670
0.082669
0.071203
0.071670
0.071670
0.071670
0.071670
0.071670
0.071670
0.071670
0.071670
0.071670
0.071670
0.071670
0.071670
0.071670
0.071670
0.071670
0.071119
0.072365
0.074047
0.071797
0.071670
0.071670
0.071670
0.071670
0.071670
0.071670
0.071670
0.071670
0.071670
0.071670
0.071670
0.071670
0.071670
0.071670
0.071670
0.071670
0.071670
0.071670
0.071670
0.071670
0.071670
0.071670
0.071670
0.071670
0.071670
0.071670
0.071670
0.071670
0.070053
0.071985
0.072135
0.071002
0.070735
0.074174
0.074161
0.069830
0.068783
0.070268
0.073688
0.074660
0.074848
0.071670
0.071670
0.071670
0.071670
0.071670
0.071670
0.071670
0.071670
0.071670
0.071670
0.071670
0.071670
0.071670
0.071670
0.071670
0.071670
0.071670
0.071670
0.071670
0.071670
0.071670
0.071670
0.071670
0.071670
0.071670
0.071670
0.071670
0.070621
0.070809
0.071828
0.071670
0.069739
0.067745
0.066530
0.067691
0.068420
0.069679
0.068629
0.066838
0.067390
0.068172
0.066027
0.066621
0.068053
0.067370
0.067567
0.066863
0.067061
0.064810
0.067292
0.065708
0.065940
0.065603
0.065819
0.064141
