0.107948
0.079119
0.071670
0.071119
0.077249
0.069180
0.070154
0.068807
0.067870
0.064890
0.066999
0.065099
0.062882
0.064780
0.062534
0.062975
0.063317
0.063397
0.060508
0.062758
0.063133
0.063653
0.060108
0.062227
0.061100
0.062040
0.062293
0.063006
0.061533
0.059551
0.059586
0.063098
0.058324
0.059332
0.064841
0.062150
0.062178
0.060427
0.059902
0.058994
0.057408
0.056546
0.055910
0.058388
0.061597
0.061581
0.057431
0.059875
0.060061
0.059556
0.056378
0.056796
0.054771
0.053832
0.056214
0.055890
0.056390
0.053704
0.052758
0.050823
0.052630
0.051283
0.052816
0.049191
0.048028
0.048235
0.049535
0.054745
0.049600
0.050772
0.051960
0.048551
0.047509
0.048386
0.049080
0.047237
0.052345
0.047972
0.046285
0.047885
0.049339
0.048594
0.050678
0.047619
0.047093
0.045738
0.047347
0.046200
0.059348
0.045454
0.051596
0.043515
0.049600
0.040217
0.045478
0.040048
0.038040
0.039674
0.036546
0.037767
0.036428
0.035318
0.033520
0.036623
0.037571
0.032845
0.033980
0.033790
0.031924
0.031669
0.031871
0.032106
0.026437
0.031559
0.029665
0.028686
0.023803
0.029310
0.025872
0.030037
0.025247
0.028565
0.024847
0.025613
0.024613
0.023961
0.028605
0.027119
0.023252
0.026072
0.021489
0.025410
0.023747
0.021319
0.027733
0.020016
0.018470
0.020646
0.022210
0.027448
0.017916
0.035473
0.017965
0.026004
0.021319
0.023410
0.020489
0.022605
0.022049
0.021086
