0.150022
0.082781
0.071828
0.070931
0.071767
0.071670
0.071670
0.071670
0.071670
0.071762
0.074839
0.070735
0.071670
0.071670
0.071670
0.071670
0.071670
0.071670
0.071670
0.071670
0.071670
0.071670
0.071670
0.071670
0.071670
0.071670
0.071670
0.071670
0.071483
0.071203
0.071172
0.069478
0.068370
0.070008
0.069632
0.067311
0.067496
0.066659
0.067019
0.066629
0.068296
0.065198
0.066347
0.064211
0.064438
0.064463
0.067831
0.063055
0.065036
0.064120
0.065642
0.064587
0.066630
0.064071
0.064804
0.065191
0.061670
0.064509
0.060975
0.061282
0.062725
0.063448
0.063246
0.062527
0.061863
0.062957
0.061834
0.063570
0.063369
0.061701
0.061469
0.063890
0.061598
0.063136
0.062940
0.062259
0.061736
0.063077
0.061308
0.063551
0.064827
0.066149
0.063743
0.059669
0.063571
0.061651
0.061465
0.062495
0.062910
0.063305
0.064909
0.064740
0.112958
0.061687
0.074191
0.073048
0.070748
0.066774
0.068419
0.067950
0.067934
0.068110
0.070402
0.065400
0.054047
0.056374
0.061810
0.053360
0.051205
0.054760
0.052858
0.050151
0.056920
0.050671
0.047679
0.051680
0.045437
0.052355
0.050176
0.046637
0.045831
0.044185
0.043537
0.046035
0.044252
0.043649
0.046015
0.044242
0.039398
0.041706
0.040997
0.042955
0.035079
0.039496
0.037923
0.045391
0.040750
0.045557
0.039860
0.037962
0.042415
0.038053
0.039730
0.038227
0.041683
0.035663
0.035275
0.038119
0.038714
0.039468
