0.101562
0.072910
0.071203
0.071670
0.071670
0.071670
0.071670
0.071670
0.071670
0.071670
0.071670
0.071670
0.071670
0.071670
0.071670
0.071670
0.071670
0.071670
0.071670
0.071670
0.071670
0.071670
0.071670
0.071670
0.071670
0.071670
0.071670
0.071670
0.071670
0.070839
0.071203
0.071203
0.071203
0.071203
0.071203
0.071670
0.071670
0.071670
0.070839
0.068593
0.071483
0.070635
0.071670
0.071670
0.071670
0.071670
0.071670
0.071670
0.071670
0.071670
0.071670
0.071670
0.071670
0.071670
0.071670
0.071670
0.071670
0.071670
0.071670
0.071670
0.071670
0.071670
0.071670
0.071670
0.071670
0.071670
0.071950
0.074287
0.068960
0.071203
0.071670
0.071670
0.071670
0.071670
0.071670
0.071670
0.071670
0.071670
0.071670
0.070839
0.068165
0.075517
0.067193
0.069338
0.069545
0.069544
0.067240
0.069966
0.066333
0.067310
0.065373
0.064308
0.064262
0.065120
0.064887
0.063647
0.066603
0.068162
0.066296
0.062669
0.065830
0.065316
0.063239
0.065727
0.063686
0.063685
0.065237
0.064177
0.063233
0.064594
0.071245
0.063264
0.065203
0.063857
0.062517
0.061398
0.062778
0.063066
0.062238
0.061945
0.062331
0.063554
0.062597
0.061013
0.059357
0.062177
0.063302
0.062408
0.059166
0.060112
0.075041
0.062024
0.066619
0.070088
0.065857
0.062587
0.069338
0.063226
0.066563
0.063861
0.063770
0.060249
0.064411
0.062163
0.062152
0.061031
0.060939
0.058576
0.062125
0.057614
