0.095614
0.098754
0.086573
0.080456
0.075946
0.075932
0.072520
0.074708
0.077452
0.072557
0.072108
0.071203
0.072230
0.071434
0.072672
0.071438
0.071880
0.072116
0.070869
0.070941
0.071032
0.068205
0.067282
0.067340
0.068264
0.066402
0.068903
0.066918
0.066772
0.067615
0.066658
0.067852
0.065546
0.066441
0.067017
0.066860
0.069262
0.064964
0.063738
0.063860
0.058774
0.059714
0.056310
0.060466
0.051993
0.051999
0.062250
0.055807
0.051682
0.047186
0.046006
0.047330
0.049144
0.042602
0.049600
0.046816
0.040285
0.042748
0.037470
0.039055
0.036508
0.033699
0.032614
0.031204
0.038606
0.027646
0.027534
0.031240
0.027808
0.025859
0.028656
0.021811
0.021916
0.021176
0.022945
0.031896
0.020349
0.026888
0.021722
0.029326
0.026644
0.015429
0.017179
0.024938
0.017246
0.013938
0.014387
0.017082
0.017408
0.026328
0.022980
0.016770
0.026868
0.016867
0.024845
0.023153
0.014647
0.029773
0.019105
0.021006
0.025185
0.016876
0.012126
0.018371
0.013435
0.014443
0.011094
0.012354
0.009926
0.010148
0.012205
0.007129
0.009421
0.007271
0.006428
0.009868
0.008653
0.014597
0.006492
0.008400
0.010091
0.016121
0.006921
0.010535
0.007747
0.005113
0.005536
0.006703
0.005828
0.004864
0.006124
0.004745
0.005824
0.004065
0.003809
0.004853
0.004608
0.001566
0.002488
0.004591
0.001892
0.002833
0.001113
0.001752
0.001968
0.000897
0.001001
0.002642
0.001288
0.001241
