0.130781
0.118231
0.138893
0.086367
0.070331
0.067208
0.067289
0.066537
0.064332
0.066045
0.066025
0.064940
0.064736
0.065240
0.063143
0.063966
0.064782
0.063661
0.064533
0.062883
0.063066
0.062452
0.061195
0.061192
0.059309
0.060340
0.061021
0.059904
0.059669
0.061172
0.060557
0.061709
0.061753
0.062059
0.058799
0.059267
0.056831
0.060450
0.057962
0.059354
0.060746
0.058800
0.060404
0.058645
0.056608
0.061271
0.057756
0.058389
0.059154
0.057655
0.059458
0.059429
0.059088
0.057371
0.059980
0.058345
0.059970
0.059109
0.060305
0.058237
0.059166
0.059118
0.059913
0.059034
0.059008
0.060766
0.059024
0.060764
0.059879
0.056480
0.059915
0.059914
0.059015
0.059860
0.059870
0.057290
0.059138
0.057283
0.059878
0.059009
0.059006
0.058983
0.059855
0.059005
0.057248
0.058988
0.058115
0.058112
0.058987
0.059870
0.058994
0.058114
0.057240
0.059860
0.055508
0.060729
0.058981
0.058982
0.058113
0.059860
0.058116
0.058116
0.057241
0.058129
0.058983
0.058984
0.058111
0.058979
0.058979
0.058109
0.057241
0.057240
0.058109
0.057238
0.059850
0.058123
0.058980
0.058979
0.058108
0.057239
0.059851
0.060721
0.057237
0.057237
0.058979
0.058109
0.058984
0.059856
0.058112
0.058129
0.058108
0.059850
0.058108
0.058979
0.058980
0.057240
0.059856
0.057239
0.058987
0.057239
0.058980
0.059851
0.057242
0.058111
0.059850
0.060722
0.058979
0.057237
0.057238
0.057237
