0.189430
0.241726
0.185720
0.145955
0.109151
0.089721
0.090908
0.084230
0.086885
0.082900
0.077574
0.077231
0.069351
0.069824
0.069825
0.066857
0.065238
0.062258
0.063151
0.063089
0.062625
0.061008
0.059347
0.058195
0.058011
0.055659
0.058248
0.054828
0.053821
0.055961
0.055792
0.054903
0.051980
0.055036
0.054898
0.053338
0.049624
0.047833
0.052096
0.048118
0.047232
0.051571
0.051711
0.053279
0.049395
0.052404
0.044956
0.046919
0.043980
0.049233
0.048904
0.046381
0.046928
0.047000
0.044922
0.048410
0.048126
0.046538
0.043840
0.043891
0.042276
0.044519
0.045810
0.045326
0.046257
0.047542
0.043529
0.043573
0.043763
0.046038
0.044050
0.045174
0.043114
0.041563
0.047191
0.047853
0.049128
0.046355
0.043489
0.042932
0.041853
0.037169
0.033847
0.047485
0.038832
0.031895
0.027731
0.029529
0.031027
0.028811
0.027055
0.023145
0.021439
0.025275
0.018060
0.017934
0.018728
0.023130
0.015510
0.016242
0.015287
0.017412
0.015966
0.011686
0.009725
0.011267
0.011433
0.013774
0.009389
0.010365
0.013515
0.013036
0.008333
0.012630
0.008351
0.008561
0.011269
0.009009
0.007866
0.007398
0.006230
0.008656
0.006962
0.005145
0.004781
0.003723
0.003953
0.005314
0.003454
0.004050
0.004670
0.004504
0.005668
0.005717
0.003800
0.003571
0.004333
0.004160
0.004303
0.003778
0.003688
0.004126
0.003946
0.004577
0.001959
0.003294
0.002351
0.002453
0.002237
0.003271
