0.256849
0.200885
0.079382
0.075186
0.074523
0.071955
0.071670
0.071670
0.071670
0.071670
0.071670
0.071670
0.071670
0.071670
0.071670
0.071670
0.071670
0.071670
0.071670
0.071670
0.071670
0.071670
0.071670
0.071670
0.071670
0.071670
0.071670
0.071670
0.071670
0.071670
0.071670
0.071670
0.071670
0.071670
0.071670
0.071670
0.071670
0.071670
0.071670
0.071670
0.071670
0.071670
0.071670
0.071670
0.071670
0.071670
0.071670
0.071670
0.071670
0.071670
0.071670
0.071670
0.071670
0.071670
0.071670
0.071670
0.071670
0.071670
0.071670
0.071670
0.071670
0.071670
0.071670
0.071670
0.071670
0.071670
0.071670
0.071670
0.071670
0.071670
0.071670
0.071670
0.071670
0.071670
0.071670
0.071670
0.071670
0.071670
0.071670
0.071670
0.071670
0.071670
0.071670
0.071670
0.071670
0.071670
0.071670
0.071670
0.071670
0.071670
0.071670
0.071670
0.071670
0.071670
0.071670
0.071670
0.071670
0.071950
0.068918
0.071670
0.071670
0.071670
0.070813
0.069204
0.066502
0.067317
0.066260
0.066104
0.065072
0.066321
0.064586
0.064003
0.065597
0.065869
0.065884
0.063299
0.062453
0.070938
0.064258
0.066560
0.065109
0.066871
0.065659
0.066139
0.061789
0.063280
0.065160
0.064953
0.064207
0.063572
0.062853
0.066257
0.063653
0.064394
0.065675
0.062874
0.065919
0.061529
0.061763
0.060473
0.058488
0.059634
0.065607
0.064309
0.064981
0.063330
0.064568
0.062469
0.062346
0.061752
