0.108450
0.071935
0.071670
0.071670
0.071670
0.071670
0.071670
0.071670
0.071670
0.071670
0.071670
0.072230
0.071556
0.070148
0.070326
0.068308
0.068258
0.067423
0.066439
0.066070
0.067609
0.065748
0.065856
0.065560
0.066672
0.065479
0.065032
0.065188
0.063343
0.065093
0.064964
0.061321
0.064483
0.065288
0.063657
0.059639
0.063622
0.061007
0.061309
0.061330
0.061493
0.062670
0.060764
0.062763
0.060756
0.060835
0.060563
0.059656
0.061344
0.059989
0.061426
0.059446
0.061388
0.062387
0.059529
0.058785
0.061240
0.060379
0.060243
0.060304
0.062081
0.059573
0.058030
0.059348
0.060183
0.060328
0.059499
0.061908
0.060526
0.060317
0.060154
0.059134
0.058508
0.060150
0.061113
0.059610
0.059521
0.057742
0.061998
0.060568
0.059465
0.061038
0.060992
0.060135
0.060998
0.059385
0.061297
0.061005
0.058428
0.061019
0.061012
0.060457
0.058644
0.060994
0.060997
0.060126
0.062725
0.060974
0.060976
0.060983
0.060984
0.061022
0.059242
0.060977
0.059230
0.058361
0.061842
0.060107
0.059232
0.061841
0.061841
0.059228
0.059228
0.059230
0.060100
0.060050
0.056729
0.060778
0.059230
0.059080
0.059461
0.059384
0.061860
0.058694
0.056039
0.057794
0.062030
0.060649
0.058826
0.059588
0.060558
0.054901
0.056743
0.060601
0.060981
0.059271
0.060108
0.059548
0.062168
0.060570
0.062152
0.055689
0.062684
0.055773
0.058622
0.061839
0.061105
0.058478
0.061061
0.059307
