0.262997
0.089829
0.074571
0.071743
0.073705
0.070970
0.070185
0.071575
0.070866
0.066519
0.070702
0.064032
0.064948
0.065232
0.060801
0.063632
0.063508
0.061690
0.058439
0.060423
0.061271
0.061165
0.058615
0.059643
0.059638
0.060819
0.059962
0.062093
0.058022
0.057509
0.057576
0.060003
0.057788
0.058078
0.059960
0.058684
0.058537
0.056959
0.057518
0.056578
0.057437
0.057202
0.055848
0.057423
0.058100
0.058980
0.058854
0.058829
0.057069
0.057946
0.057106
0.059815
0.057639
0.053602
0.056589
0.055146
0.061319
0.059346
0.057478
0.053237
0.054007
0.051557
0.053684
0.052619
0.053001
0.050387
0.052548
0.053942
0.052528
0.051401
0.052074
0.051480
0.049112
0.050181
0.052260
0.050658
0.051858
0.051662
0.051752
0.050220
0.054279
0.050641
0.051125
0.048248
0.050001
0.048497
0.047495
0.048048
0.051568
0.049583
0.050606
0.049561
0.049684
0.049610
0.051343
0.049689
0.047820
0.048661
0.047679
0.049544
0.048561
0.046865
0.049451
0.048559
0.051209
0.048553
0.048611
0.049410
0.049430
0.052053
0.048599
0.051206
0.048591
0.051209
0.049413
0.047661
0.047658
0.048529
0.047660
0.049401
0.051143
0.049403
0.047659
0.051141
0.045926
0.049399
0.050271
0.050272
0.048533
0.049408
0.047661
0.051141
0.048062
0.047190
0.049804
0.047661
0.050275
0.048941
0.048063
0.048935
0.047189
0.049804
0.046827
0.049802
0.048931
0.047191
0.048060
0.047189
0.047111
0.050309
