0.102227
0.073836
0.070651
0.071866
0.071203
0.071670
0.071670
0.071670
0.071670
0.071670
0.071670
0.071670
0.071670
0.071670
0.071670
0.071670
0.071670
0.070569
0.070253
0.070371
0.066799
0.065137
0.067146
0.064429
0.066632
0.064868
0.067089
0.064912
0.067105
0.064462
0.064619
0.062808
0.063111
0.064152
0.060440
0.060884
0.061671
0.060987
0.061294
0.061202
0.062420
0.062958
0.061034
0.059400
0.060914
0.061505
0.058889
0.060890
0.062489
0.061362
0.061590
0.058971
0.060198
0.059375
0.059857
0.060251
0.061311
0.060969
0.060243
0.061811
0.058722
0.059960
0.062067
0.062018
0.056361
0.059756
0.060181
0.060158
0.060975
0.062860
0.063251
0.061941
0.061041
0.061399
0.063504
0.059528
0.059009
0.062201
0.060168
0.061869
0.061004
0.058434
0.059416
0.061028
0.059286
0.059296
0.061948
0.059340
0.061062
0.060124
0.058661
0.062008
0.061517
0.060127
0.060110
0.060127
0.060173
0.062067
0.059406
0.059277
0.060140
0.060976
0.060112
0.060984
0.060357
0.057762
0.060787
0.056710
0.057981
0.058759
0.058472
0.060141
0.057993
0.055363
0.059232
0.056198
0.055678
0.057875
0.057207
0.054299
0.054735
0.054626
0.055818
0.054522
0.054334
0.056908
0.054418
0.051994
0.054400
0.054138
0.051804
0.053350
0.053146
0.053579
0.055080
0.053014
0.052333
0.052454
0.050452
0.051381
0.053084
0.052365
0.050335
0.052956
0.050848
0.051404
0.050409
0.050061
0.051710
0.053668
