0.180000
0.185000
0.180000
0.165000
0.170000
0.170000
0.155000
0.165000
0.255000
0.260000
0.260000
0.280000
0.255000
0.285000
0.225000
0.275000
0.260000
0.310000
0.305000
0.360000
0.310000
0.375000
0.405000
0.430000
0.370000
0.410000
0.440000
0.505000
0.475000
0.455000
0.535000
0.420000
0.435000
0.430000
0.580000
0.445000
0.480000
0.480000
0.555000
0.575000
0.570000
0.565000
0.505000
0.635000
0.565000
0.580000
0.625000
0.610000
0.645000
0.605000
0.700000
0.700000
0.630000
0.660000
0.645000
0.710000
0.670000
0.690000
0.685000
0.630000
0.705000
0.705000
0.705000
0.705000
0.725000
0.755000
0.720000
0.720000
0.735000
0.735000
0.745000
0.695000
0.810000
0.745000
0.710000
0.700000
0.770000
0.710000
0.780000
0.785000
0.795000
0.745000
0.740000
0.705000
0.775000
0.820000
0.730000
0.800000
0.800000
0.825000
0.810000
0.780000
0.800000
0.875000
0.895000
0.815000
0.670000
0.710000
0.775000
0.810000
0.795000
0.785000
0.855000
0.875000
0.890000
0.905000
0.880000
0.930000
0.905000
0.960000
0.925000
0.905000
0.930000
0.935000
0.905000
0.940000
0.950000
0.940000
0.935000
0.920000
0.935000
0.900000
0.790000
0.755000
0.810000
0.825000
0.820000
0.850000
0.875000
0.910000
0.930000
0.945000
0.950000
0.935000
0.940000
0.905000
0.900000
0.875000
0.890000
0.880000
0.925000
0.910000
0.885000
0.935000
0.935000
0.920000
0.925000
0.895000
0.830000
0.930000
