0.084111
0.063687
0.063065
0.062506
0.063593
0.062626
0.062377
0.063620
0.062483
0.061417
0.058752
0.061581
0.060067
0.058777
0.057363
0.057093
0.056124
0.054521
0.053245
0.054424
0.053496
0.055146
0.062731
0.057620
0.053125
0.055688
0.064104
0.056877
0.052543
0.051840
0.049945
0.051156
0.052480
0.051096
0.050994
0.046641
0.045684
0.044515
0.051502
0.045817
0.048238
0.047491
0.047441
0.046366
0.042560
0.041432
0.044147
0.041131
0.045234
0.039843
0.040394
0.035246
0.036597
0.041148
0.037516
0.034274
0.032469
0.035669
0.032303
0.033916
0.030290
0.028263
0.029392
0.026181
0.021925
0.021026
0.020491
0.024147
0.020561
0.021809
0.030835
0.031088
0.021076
0.020914
0.017805
0.017813
0.017224
0.015644
0.017345
0.016659
0.014774
0.015397
0.021859
0.024777
0.022579
0.025890
0.018378
0.013074
0.010012
0.010959
0.012972
0.010834
0.009893
0.014193
0.012571
0.012312
0.009605
0.010683
0.008789
0.006697
0.007765
0.008152
0.005340
0.006030
0.005407
0.005143
0.008619
0.007068
0.006548
0.009843
0.008710
0.010657
0.009986
0.010826
0.006239
0.005479
0.004653
0.002591
0.003189
0.003457
0.003276
0.004183
0.004754
0.006756
0.012964
0.006641
0.006912
0.005963
0.007079
0.003622
0.003292
0.006659
0.002139
0.004867
0.002816
0.003185
0.002254
0.002590
0.002772
0.003436
0.001341
0.001864
0.000809
0.001274
0.003118
0.002835
0.001668
0.003541
0.001660
0.002928
