0.091629
0.062754
0.062675
0.062323
0.062522
0.062135
0.062679
0.062722
0.062602
0.063287
0.062140
0.062559
0.061622
0.061668
0.061014
0.061164
0.061619
0.062054
0.060005
0.059921
0.060343
0.061773
0.059653
0.061485
0.061841
0.060146
0.060998
0.057454
0.058664
0.059175
0.062772
0.060525
0.059739
0.059357
0.055823
0.056607
0.056375
0.054270
0.054433
0.051910
0.053415
0.052119
0.049533
0.048285
0.048792
0.049980
0.046081
0.048164
0.050159
0.045713
0.042469
0.045210
0.044505
0.048026
0.048946
0.048295
0.045890
0.045336
0.042931
0.040124
0.039662
0.038166
0.040214
0.035873
0.034463
0.034139
0.037031
0.041632
0.036977
0.035719
0.036496
0.037661
0.034402
0.037272
0.048052
0.041697
0.032118
0.029480
0.025169
0.025955
0.023752
0.027524
0.024039
0.027374
0.023021
0.021476
0.024103
0.021096
0.032511
0.035670
0.029440
0.026997
0.022304
0.024042
0.019876
0.020895
0.018736
0.016654
0.022134
0.018483
0.021028
0.024971
0.025559
0.014668
0.017619
0.021484
0.022990
0.020677
0.017606
0.012126
0.012707
0.010415
0.010537
0.010608
0.009332
0.010544
0.015162
0.008349
0.009450
0.007788
0.008666
0.008827
0.009475
0.025786
0.022873
0.021320
0.024282
0.019711
0.018270
0.014908
0.013319
0.009385
0.007574
0.006245
0.008012
0.006202
0.006589
0.007339
0.008002
0.007554
0.008957
0.007750
0.005591
0.004234
0.007764
0.007407
0.018654
0.026277
0.023112
0.026496
