0.100066
0.064435
0.063028
0.062090
0.063094
0.063184
0.062362
0.062783
0.062282
0.062336
0.062459
0.062457
0.062434
0.061432
0.060912
0.063622
0.062167
0.062598
0.061987
0.061240
0.061993
0.061654
0.061736
0.060025
0.061122
0.062013
0.062599
0.061889
0.061943
0.061679
0.060090
0.059229
0.060713
0.061025
0.060803
0.061866
0.061378
0.060364
0.060575
0.061228
0.059997
0.060737
0.058314
0.059732
0.059535
0.059666
0.061332
0.060040
0.058918
0.059109
0.060033
0.062402
0.062613
0.061267
0.058215
0.056976
0.058445
0.058351
0.057597
0.059509
0.054803
0.057043
0.058194
0.058536
0.062859
0.059721
0.061057
0.061230
0.058868
0.060136
0.058304
0.060120
0.059080
0.056810
0.056293
0.053365
0.055387
0.055256
0.052910
0.054008
0.052307
0.056298
0.048991
0.049624
0.051766
0.052504
0.050007
0.050229
0.053773
0.050848
0.052205
0.051691
0.047760
0.049334
0.047394
0.044007
0.042997
0.043426
0.043242
0.044837
0.046262
0.046355
0.049515
0.043472
0.041411
0.042102
0.041734
0.038704
0.039417
0.040733
0.037141
0.040352
0.040244
0.041457
0.046685
0.044510
0.042334
0.038513
0.040712
0.036650
0.037859
0.034154
0.030547
0.036905
0.038899
0.033603
0.037435
0.035256
0.030938
0.033318
0.033983
0.032720
0.034237
0.030018
0.029209
0.029309
0.027419
0.027504
0.025663
0.031004
0.024007
0.024898
0.027479
0.029512
0.027834
0.026156
0.030799
0.027929
0.027444
0.026020
