0.084095
0.065461
0.062482
0.060705
0.061148
0.060554
0.060529
0.058579
0.058422
0.057214
0.058814
0.060672
0.055757
0.058405
0.056784
0.053069
0.053562
0.055308
0.054150
0.054290
0.054529
0.052871
0.049017
0.045718
0.053633
0.045432
0.047738
0.045903
0.043255
0.045412
0.042874
0.049159
0.050446
0.047336
0.038079
0.042558
0.043159
0.046497
0.038968
0.036087
0.034693
0.033364
0.038365
0.033240
0.035599
0.031950
0.031660
0.028258
0.030944
0.030374
0.026389
0.032419
0.030754
0.027643
0.029391
0.026287
0.030598
0.026641
0.024913
0.034165
0.026993
0.023891
0.025980
0.027674
0.025464
0.021214
0.024931
0.025238
0.020986
0.033021
0.031868
0.029057
0.017301
0.020198
0.038560
0.028725
0.025379
0.028804
0.020202
0.020832
0.022755
0.019895
0.023681
0.029271
0.020542
0.017835
0.024013
0.030243
0.021926
0.020526
0.017691
0.024394
0.017190
0.013717
0.012460
0.024376
0.032812
0.037853
0.020241
0.021462
0.020436
0.018008
0.013956
0.014148
0.011638
0.009916
0.010713
0.007337
0.006737
0.005228
0.007197
0.009970
0.010144
0.009601
0.009510
0.007179
0.005383
0.007696
0.005546
0.007485
0.005416
0.021843
0.032494
0.020722
0.024664
0.014049
0.016657
0.014335
0.009526
0.013872
0.006512
0.006922
0.006572
0.007183
0.006673
0.015838
0.006371
0.014113
0.009665
0.010349
0.008385
0.012694
0.010837
0.009881
0.006118
0.008535
0.008728
0.008232
0.014741
0.006760
