0.066642
0.061816
0.062599
0.062756
0.060749
0.064886
0.062712
0.062751
0.062713
0.062636
0.062554
0.063463
0.063767
0.062370
0.062247
0.061896
0.062484
0.062242
0.061736
0.061484
0.061604
0.062033
0.061831
0.061335
0.061683
0.063642
0.061800
0.059923
0.059846
0.060693
0.059900
0.058724
0.063018
0.060942
0.056669
0.057831
0.056207
0.053895
0.056063
0.054298
0.053658
0.052290
0.052904
0.051103
0.055358
0.049648
0.051468
0.050711
0.047800
0.051523
0.049878
0.046329
0.045644
0.044817
0.052625
0.047968
0.050691
0.048524
0.042492
0.044095
0.041009
0.042131
0.038964
0.035250
0.034889
0.036794
0.033431
0.035377
0.036571
0.035347
0.033203
0.036407
0.035244
0.036140
0.033560
0.032682
0.029820
0.030391
0.029226
0.028029
0.026056
0.027301
0.026343
0.025574
0.022618
0.025842
0.030742
0.022003
0.024352
0.019699
0.021862
0.024502
0.024513
0.021968
0.021252
0.020488
0.019224
0.020536
0.019949
0.016933
0.017044
0.016911
0.016628
0.015928
0.013932
0.016008
0.021223
0.015621
0.013287
0.015111
0.013710
0.010703
0.010978
0.011514
0.015045
0.014937
0.017218
0.014495
0.017449
0.015700
0.018054
0.016316
0.014107
0.012651
0.011781
0.011814
0.009446
0.010241
0.014987
0.021701
0.019234
0.016527
0.019432
0.019131
0.028248
0.028257
0.020727
0.018858
0.018198
0.013480
0.011611
0.011453
0.015946
0.016829
0.015421
0.012297
0.010812
0.014214
0.010934
0.011811
