0.091881
0.066005
0.062516
0.062367
0.062681
0.062490
0.062845
0.062562
0.062793
0.061341
0.062346
0.061224
0.060890
0.060812
0.058731
0.060258
0.060902
0.058861
0.058040
0.057434
0.058498
0.054783
0.055803
0.055299
0.056507
0.057970
0.055724
0.055059
0.054485
0.053929
0.052139
0.049552
0.046861
0.050602
0.051864
0.044672
0.046744
0.047912
0.044498
0.047466
0.052358
0.050793
0.046273
0.043651
0.041012
0.040940
0.041586
0.046539
0.044718
0.043222
0.042952
0.044545
0.037488
0.039732
0.036551
0.034671
0.030606
0.031353
0.029610
0.026025
0.027682
0.026835
0.036658
0.026795
0.024676
0.025155
0.025464
0.038203
0.031514
0.036765
0.028237
0.027595
0.023877
0.028263
0.020677
0.020198
0.024131
0.020145
0.024500
0.022118
0.021484
0.020455
0.019916
0.018415
0.014464
0.025585
0.014780
0.019314
0.016667
0.012349
0.012679
0.019876
0.010234
0.012865
0.009579
0.010419
0.011626
0.014251
0.015061
0.012283
0.011907
0.021574
0.027457
0.017324
0.022728
0.014547
0.013516
0.012925
0.012224
0.007729
0.008695
0.008129
0.013571
0.015525
0.012375
0.016532
0.028678
0.047414
0.028877
0.019522
0.015182
0.010036
0.010856
0.007277
0.007685
0.006731
0.006174
0.005458
0.006587
0.004105
0.003216
0.005118
0.009587
0.007471
0.034054
0.021457
0.024307
0.016829
0.013601
0.014435
0.011412
0.014844
0.014523
0.017714
0.015097
0.006762
0.008039
0.012919
0.013218
0.009296
