0.155000
0.170000
0.265000
0.235000
0.400000
0.405000
0.510000
0.400000
0.455000
0.440000
0.575000
0.605000
0.630000
0.620000
0.640000
0.645000
0.660000
0.685000
0.695000
0.755000
0.765000
0.785000
0.795000
0.785000
0.815000
0.795000
0.810000
0.765000
0.775000
0.800000
0.830000
0.815000
0.820000
0.825000
0.820000
0.810000
0.795000
0.665000
0.710000
0.805000
0.825000
0.825000
0.830000
0.830000
0.800000
0.825000
0.825000
0.825000
0.825000
0.830000
0.830000
0.830000
0.830000
0.830000
0.830000
0.830000
0.830000
0.830000
0.830000
0.830000
0.830000
0.830000
0.830000
0.830000
0.830000
0.830000
0.830000
0.830000
0.830000
0.830000
0.830000
0.830000
0.830000
0.830000
0.830000
0.830000
0.830000
0.830000
0.830000
0.830000
0.830000
0.830000
0.830000
0.830000
0.830000
0.830000
0.830000
0.830000
0.830000
0.830000
0.830000
0.830000
0.830000
0.830000
0.830000
0.830000
0.830000
0.830000
0.830000
0.830000
0.830000
0.830000
0.830000
0.830000
0.830000
0.830000
0.830000
0.830000
0.830000
0.830000
0.830000
0.830000
0.830000
0.830000
0.830000
0.830000
0.830000
0.830000
0.830000
0.830000
0.830000
0.830000
0.830000
0.830000
0.830000
0.830000
0.830000
0.830000
0.830000
0.830000
0.830000
0.830000
0.830000
0.830000
0.830000
0.830000
0.830000
0.830000
0.830000
0.830000
0.830000
0.830000
0.830000
0.830000
0.830000
0.830000
0.830000
0.830000
0.830000
0.830000
