0.165000
0.170000
0.170000
0.170000
0.190000
0.170000
0.170000
0.170000
0.170000
0.170000
0.170000
0.170000
0.170000
0.170000
0.170000
0.170000
0.170000
0.170000
0.170000
0.170000
0.170000
0.170000
0.170000
0.170000
0.170000
0.170000
0.170000
0.170000
0.170000
0.170000
0.170000
0.170000
0.170000
0.180000
0.170000
0.175000
0.190000
0.180000
0.190000
0.200000
0.210000
0.205000
0.195000
0.170000
0.170000
0.170000
0.170000
0.170000
0.170000
0.170000
0.170000
0.170000
0.170000
0.170000
0.170000
0.170000
0.170000
0.170000
0.170000
0.170000
0.170000
0.170000
0.170000
0.170000
0.170000
0.170000
0.170000
0.170000
0.170000
0.170000
0.170000
0.170000
0.170000
0.170000
0.170000
0.170000
0.170000
0.170000
0.170000
0.170000
0.170000
0.170000
0.170000
0.180000
0.190000
0.190000
0.195000
0.220000
0.225000
0.220000
0.230000
0.235000
0.235000
0.255000
0.235000
0.210000
0.265000
0.240000
0.255000
0.230000
0.235000
0.240000
0.250000
0.230000
0.195000
0.250000
0.270000
0.275000
0.250000
0.190000
0.270000
0.255000
0.290000
0.275000
0.265000
0.285000
0.300000
0.295000
0.315000
0.260000
0.280000
0.290000
0.275000
0.315000
0.305000
0.315000
0.305000
0.300000
0.305000
0.315000
0.315000
0.275000
0.285000
0.325000
0.345000
0.400000
0.405000
0.415000
0.440000
0.425000
0.435000
0.440000
0.445000
0.470000
0.455000
0.470000
0.410000
0.405000
0.435000
0.470000
