0.170000
0.250000
0.205000
0.335000
0.375000
0.400000
0.415000
0.510000
0.345000
0.380000
0.425000
0.495000
0.500000
0.590000
0.645000
0.645000
0.650000
0.700000
0.705000
0.695000
0.735000
0.695000
0.775000
0.775000
0.795000
0.785000
0.790000
0.800000
0.830000
0.730000
0.770000
0.755000
0.765000
0.780000
0.795000
0.785000
0.785000
0.790000
0.820000
0.815000
0.830000
0.830000
0.835000
0.835000
0.835000
0.835000
0.830000
0.835000
0.835000
0.835000
0.835000
0.835000
0.835000
0.830000
0.835000
0.825000
0.830000
0.830000
0.785000
0.830000
0.810000
0.830000
0.835000
0.835000
0.835000
0.835000
0.835000
0.835000
0.835000
0.835000
0.835000
0.835000
0.835000
0.835000
0.835000
0.835000
0.835000
0.835000
0.835000
0.835000
0.835000
0.835000
0.835000
0.835000
0.835000
0.835000
0.835000
0.835000
0.835000
0.835000
0.835000
0.835000
0.835000
0.835000
0.835000
0.835000
0.835000
0.835000
0.835000
0.835000
0.835000
0.835000
0.835000
0.835000
0.835000
0.835000
0.835000
0.835000
0.835000
0.835000
0.835000
0.835000
0.835000
0.835000
0.835000
0.835000
0.835000
0.835000
0.835000
0.835000
0.835000
0.835000
0.835000
0.835000
0.835000
0.835000
0.835000
0.835000
0.835000
0.835000
0.835000
0.835000
0.835000
0.835000
0.835000
0.835000
0.835000
0.835000
0.835000
0.835000
0.835000
0.835000
0.835000
0.835000
0.835000
0.835000
0.835000
0.835000
0.835000
0.835000
