0.403152
0.260206
0.226213
0.189010
0.166349
0.137742
0.106925
0.059042
0.055041
0.057068
0.044688
0.037000
0.040183
0.036811
0.032259
0.031871
0.030098
0.025141
0.024773
0.026478
0.023050
0.023836
0.019144
0.016953
0.018021
0.019390
0.015729
0.018233
0.016208
0.020770
0.021691
0.020172
0.019253
0.015483
0.015517
0.016179
0.018363
0.014128
0.013648
0.012829
0.014116
0.012117
0.011451
0.011331
0.012091
0.012363
0.012623
0.011979
0.011532
0.010384
0.010241
0.011919
0.011401
0.011635
0.013436
0.012832
0.013333
0.014595
0.013860
0.012673
0.012080
0.011386
0.010235
0.010840
0.011876
0.010003
0.010666
0.009799
0.009748
0.011387
0.011443
0.011415
0.012164
0.012304
0.009657
0.009679
0.010530
0.012128
0.009641
0.010495
0.010432
0.010448
0.010439
0.009587
0.009535
0.009577
0.010409
0.011203
0.009553
0.010324
0.011987
0.010336
0.009503
0.010325
0.010311
0.009499
0.010338
0.010290
0.010309
0.011152
0.011998
0.009479
0.012794
0.011989
0.011131
0.011961
0.011945
0.010262
0.011959
0.010265
0.009427
0.010253
0.010248
0.011934
0.011078
0.009418
0.011071
0.010248
0.011901
0.009400
0.011060
0.010219
0.011064
0.009392
0.011891
0.009375
0.012741
0.009384
0.009388
0.009384
0.009393
0.010206
0.011884
0.010199
0.011882
0.010218
0.011053
0.010204
0.011880
0.010211
0.010196
0.010197
0.009349
0.011865
0.010197
0.010195
0.011050
0.009369
0.011049
0.010198
