0.522437
0.217884
0.060534
0.058923
0.059983
0.059897
0.059554
0.059514
0.058486
0.058545
0.057906
0.057494
0.057249
0.056363
0.057541
0.057002
0.056526
0.054049
0.056407
0.057993
0.056631
0.057198
0.055796
0.055832
0.055533
0.054854
0.054791
0.054128
0.054281
0.054482
0.055079
0.053836
0.054483
0.052289
0.052724
0.051416
0.052215
0.053060
0.052113
0.051603
0.051815
0.050801
0.050212
0.049311
0.052574
0.054059
0.054328
0.052572
0.053489
0.053858
0.053252
0.053896
0.054352
0.052112
0.054310
0.052270
0.056032
0.053796
0.052391
0.052318
0.051941
0.052764
0.052709
0.052576
0.050959
0.052078
0.052482
0.049825
0.049807
0.050095
0.051100
0.051774
0.050588
0.051548
0.052198
0.050670
0.050498
0.051834
0.051813
0.051756
0.051119
0.050733
0.051917
0.050775
0.050582
0.050142
0.050432
0.051463
0.051332
0.049851
0.048678
0.049482
0.048999
0.048703
0.049481
0.048802
0.047391
0.047216
0.047101
0.049021
0.046638
0.043699
0.044818
0.045702
0.043301
0.042769
0.043847
0.042156
0.053650
0.057860
0.054008
0.051506
0.048269
0.049088
0.046896
0.046347
0.044761
0.045557
0.041977
0.044788
0.043030
0.043497
0.042074
0.042748
0.040329
0.036739
0.042251
0.038500
0.038027
0.041441
0.038301
0.034324
0.037429
0.037002
0.035479
0.034271
0.034191
0.034914
0.032810
0.034237
0.031844
0.032888
0.032488
0.033205
0.032746
0.033411
0.031827
0.033951
0.035206
0.033003
