0.461709
0.274427
0.063353
0.062712
0.062712
0.062712
0.062712
0.062712
0.062712
0.062712
0.062712
0.062712
0.062712
0.062712
0.062712
0.062712
0.062712
0.062712
0.062712
0.062712
0.062712
0.062712
0.062712
0.062712
0.062712
0.062712
0.062712
0.062712
0.062712
0.062712
0.062712
0.062712
0.062712
0.062712
0.062712
0.062712
0.062712
0.062712
0.062712
0.062712
0.062712
0.062712
0.062712
0.062712
0.062712
0.062712
0.062712
0.062712
0.062712
0.062712
0.062712
0.062712
0.062712
0.062712
0.062712
0.062712
0.062712
0.062712
0.062712
0.062712
0.062712
0.062712
0.062712
0.062712
0.062712
0.062712
0.062712
0.062712
0.062712
0.062712
0.062712
0.062712
0.062712
0.062712
0.062712
0.062712
0.062712
0.062712
0.062712
0.062712
0.062712
0.062712
0.062712
0.062712
0.062712
0.062712
0.062595
0.062595
0.062595
0.062595
0.062478
0.062478
0.062478
0.062361
0.062361
0.062361
0.062361
0.062361
0.062361
0.062361
0.062361
0.062244
0.062244
0.062244
0.062127
0.061776
0.062127
0.061659
0.062010
0.062010
0.061465
0.061619
0.061544
0.061080
0.061429
0.061543
0.061624
0.060647
0.060951
0.060525
0.060709
0.060873
0.061387
0.060441
0.059810
0.059438
0.059025
0.058504
0.059181
0.059054
0.059918
0.059818
0.058840
0.059226
0.060070
0.057520
0.057513
0.057481
0.056589
0.056284
0.054706
0.059392
0.059586
0.059720
0.058509
0.057587
0.056784
0.055259
0.055714
0.055359
