0.531895
0.319490
0.300238
0.284558
0.244062
0.211063
0.150871
0.099541
0.064437
0.051779
0.037344
0.033876
0.032139
0.030783
0.029338
0.028833
0.030245
0.026440
0.022682
0.026255
0.022010
0.019202
0.019763
0.019470
0.019497
0.019589
0.018869
0.019595
0.019099
0.020077
0.015842
0.015427
0.015070
0.015070
0.014670
0.016308
0.017207
0.025183
0.022858
0.018094
0.014710
0.014398
0.017064
0.015730
0.014168
0.014927
0.014800
0.012477
0.013167
0.012909
0.011753
0.011503
0.010487
0.011549
0.011553
0.011160
0.012714
0.010559
0.011326
0.010976
0.010161
0.010109
0.010901
0.010910
0.010068
0.011686
0.010844
0.011746
0.010764
0.010782
0.011598
0.011598
0.010772
0.010730
0.010007
0.009988
0.012372
0.010686
0.010688
0.011498
0.009925
0.012342
0.010718
0.010748
0.010728
0.010629
0.010682
0.010645
0.011476
0.010642
0.011456
0.012333
0.009789
0.011447
0.009788
0.010582
0.012256
0.011437
0.010610
0.011426
0.009828
0.011428
0.010610
0.010577
0.010538
0.010602
0.011394
0.012257
0.011394
0.010567
0.010581
0.011378
0.011409
0.010540
0.010533
0.010530
0.009707
0.009692
0.011335
0.010556
0.012176
0.012191
0.009670
0.011353
0.009668
0.010515
0.011328
0.009673
0.011356
0.010489
0.009689
0.009663
0.009659
0.012161
0.009673
0.010480
0.010475
0.010504
0.011349
0.012159
0.009632
0.010497
0.010467
0.010477
0.010468
0.011291
0.009642
0.010473
0.010456
0.012127
