0.134827
0.062751
0.062712
0.062712
0.065381
0.062712
0.062712
0.062712
0.062712
0.062712
0.062712
0.062712
0.062712
0.062712
0.062712
0.062712
0.062712
0.062712
0.062712
0.062712
0.062712
0.062712
0.062712
0.062712
0.062712
0.062712
0.062712
0.062712
0.062712
0.062712
0.062712
0.062712
0.062712
0.062363
0.062790
0.062595
0.062323
0.062478
0.062244
0.062050
0.061855
0.061893
0.064086
0.062712
0.062712
0.062712
0.062712
0.062712
0.062712
0.062712
0.062712
0.062712
0.062712
0.062712
0.062712
0.062712
0.062712
0.062712
0.062712
0.062712
0.062712
0.062712
0.062712
0.062712
0.062712
0.062712
0.062712
0.062712
0.062712
0.062712
0.062712
0.062712
0.062712
0.062712
0.062712
0.062712
0.062712
0.062712
0.062712
0.062712
0.062751
0.062712
0.062712
0.062127
0.062362
0.062324
0.062206
0.060999
0.061701
0.061739
0.061427
0.060727
0.061228
0.060449
0.061224
0.061816
0.060909
0.061154
0.060076
0.060607
0.061529
0.060921
0.059447
0.060916
0.062127
0.060676
0.059874
0.060296
0.060423
0.062244
0.060325
0.059696
0.059385
0.059293
0.059629
0.058467
0.058721
0.058380
0.057647
0.059162
0.058269
0.058603
0.058949
0.057995
0.057487
0.056671
0.058095
0.057593
0.057365
0.056198
0.056976
0.058137
0.057921
0.057839
0.053441
0.054302
0.052425
0.053463
0.053138
0.051263
0.051418
0.052713
0.051735
0.051759
0.051211
0.048527
0.053563
0.053645
0.050581
0.047918
