0.077348
0.075284
0.071670
0.071670
0.071670
0.071670
0.071670
0.071670
0.071670
0.071950
0.073104
0.070878
0.071203
0.071203
0.071203
0.072277
0.068005
0.068794
0.069854
0.068843
0.069458
0.067403
0.067762
0.066296
0.065513
0.066196
0.066238
0.066811
0.065692
0.066029
0.064326
0.064956
0.065237
0.065839
0.063840
0.064046
0.063081
0.061768
0.061426
0.063803
0.061148
0.061903
0.058761
0.061431
0.058577
0.059154
0.060315
0.060337
0.058013
0.059705
0.060146
0.060098
0.055380
0.057350
0.056507
0.055801
0.056301
0.056108
0.058945
0.056301
0.058041
0.053981
0.056735
0.058222
0.059463
0.057221
0.055213
0.058352
0.057721
0.053764
0.059761
0.052045
0.055109
0.051848
0.052085
0.050579
0.048654
0.045144
0.046720
0.050214
0.048916
0.044651
0.047165
0.046906
0.045151
0.046863
0.044723
0.043607
0.044958
0.046621
0.039057
0.044621
0.043273
0.046468
0.043829
0.043199
0.042196
0.044356
0.044542
0.042821
0.041964
0.041826
0.041601
0.039811
0.043608
0.043448
0.041770
0.041868
0.040368
0.044384
0.041598
0.043523
0.038270
0.042736
0.040740
0.041284
0.040194
0.042868
0.043829
0.039255
0.043351
0.039475
0.039890
0.043002
0.040441
0.043902
0.043048
0.039648
0.041044
0.042775
0.041056
0.043357
0.041624
0.041603
0.042975
0.042951
0.042120
0.039895
0.040344
0.039933
0.040981
0.039626
0.039619
0.043755
0.039976
0.041128
0.041261
0.040030
0.040926
0.041550
