0.133432
0.227496
0.115750
0.073184
0.071142
0.070839
0.071203
0.071670
0.070529
0.071015
0.070323
0.069974
0.070671
0.070254
0.071188
0.069931
0.069957
0.070211
0.069655
0.069532
0.069417
0.070274
0.069225
0.068938
0.069686
0.069234
0.071911
0.070454
0.069459
0.070996
0.070839
0.070498
0.066873
0.071932
0.070013
0.068826
0.067264
0.066007
0.065728
0.064727
0.065805
0.064643
0.066267
0.064159
0.066092
0.064867
0.063066
0.066641
0.064660
0.061582
0.063395
0.062939
0.063300
0.062070
0.061635
0.061397
0.061217
0.058090
0.056828
0.060110
0.061213
0.058755
0.058539
0.056440
0.056319
0.056135
0.054133
0.056187
0.055243
0.055402
0.053067
0.054103
0.052393
0.054221
0.053296
0.054079
0.053505
0.052607
0.056088
0.053755
0.051746
0.055267
0.052759
0.054995
0.052820
0.052925
0.061694
0.055396
0.059683
0.056602
0.054984
0.055058
0.051819
0.053189
0.054243
0.053096
0.055739
0.052801
0.052666
0.053723
0.051282
0.053080
0.052804
0.051957
0.051271
0.049411
0.052746
0.052218
0.050138
0.052315
0.050811
0.050974
0.049827
0.051515
0.050424
0.048388
0.048703
0.051344
0.049339
0.052163
0.054441
0.052512
0.052604
0.051056
0.049904
0.051240
0.053019
0.056091
0.050728
0.049819
0.051241
0.046463
0.052117
0.054950
0.052782
0.049736
0.049466
0.049265
0.051501
0.050058
0.053187
0.047780
0.050998
0.050307
0.051029
0.049504
0.050968
0.046913
0.049952
0.049532
