0.299039
0.108062
0.080969
0.076726
0.075207
0.073227
0.070565
0.071732
0.071203
0.071203
0.072557
0.070646
0.070859
0.070661
0.067055
0.069266
0.068283
0.067013
0.064098
0.065485
0.061641
0.064492
0.058961
0.061020
0.061165
0.061692
0.060926
0.063426
0.059747
0.058466
0.057951
0.060771
0.057603
0.059045
0.059442
0.058927
0.059124
0.057001
0.058486
0.057509
0.058420
0.057614
0.055994
0.058089
0.058179
0.059945
0.059333
0.059882
0.056042
0.057107
0.057666
0.062036
0.057911
0.062608
0.056780
0.062495
0.058409
0.059868
0.056583
0.054712
0.055495
0.054320
0.056790
0.055700
0.054258
0.051776
0.056918
0.056101
0.054574
0.052833
0.052132
0.052178
0.049794
0.050362
0.052286
0.050287
0.052582
0.052685
0.052101
0.049345
0.052623
0.049590
0.050869
0.048013
0.049589
0.046785
0.046981
0.047740
0.053175
0.050471
0.051635
0.048525
0.050001
0.049871
0.050960
0.049550
0.047665
0.047927
0.047377
0.048964
0.047427
0.046541
0.047778
0.047694
0.051450
0.048285
0.047215
0.048089
0.048256
0.052190
0.047650
0.049619
0.047159
0.048464
0.049495
0.046238
0.045961
0.048050
0.046253
0.047690
0.048288
0.047392
0.046295
0.048731
0.045867
0.048687
0.050195
0.049817
0.045531
0.047878
0.046759
0.050122
0.046914
0.046726
0.051159
0.046634
0.049166
0.048604
0.046279
0.047291
0.045417
0.048958
0.047633
0.049365
0.047379
0.045533
0.045284
0.041850
0.046511
0.048982
