0.269865
0.154105
0.081266
0.081247
0.076358
0.072152
0.071670
0.071203
0.069422
0.069667
0.069787
0.070847
0.070735
0.069553
0.068165
0.073663
0.068640
0.070874
0.070839
0.071203
0.071203
0.071203
0.071670
0.070254
0.069575
0.069257
0.070106
0.070566
0.068194
0.068721
0.069858
0.069774
0.067503
0.068499
0.068960
0.068484
0.067945
0.068057
0.068954
0.068537
0.069033
0.068464
0.070509
0.068355
0.068730
0.068282
0.067105
0.065880
0.066138
0.064276
0.065035
0.064976
0.066641
0.063399
0.066508
0.064453
0.065470
0.065746
0.064804
0.066670
0.066194
0.064633
0.065309
0.066236
0.065162
0.063732
0.064483
0.062836
0.062354
0.063721
0.062000
0.060837
0.062477
0.063968
0.063411
0.063647
0.064218
0.063914
0.062295
0.061650
0.060835
0.061584
0.061397
0.064637
0.063393
0.062999
0.063510
0.062160
0.060717
0.060272
0.063108
0.061860
0.060141
0.063727
0.062045
0.063553
0.064013
0.063983
0.061282
0.062300
0.060645
0.061412
0.060487
0.063428
0.061598
0.060592
0.059422
0.059013
0.059715
0.063184
0.061088
0.061700
0.061767
0.058636
0.062447
0.063311
0.062409
0.062187
0.062778
0.063217
0.062000
0.061078
0.061016
0.061400
0.062077
0.061161
0.060929
0.059900
0.059397
0.056452
0.060023
0.061393
0.060294
0.060992
0.061838
0.059723
0.058234
0.060864
0.059254
0.058948
0.059059
0.057613
0.059845
0.058344
0.058906
0.059875
0.059218
0.056497
0.056282
0.056170
