0.112534
0.074778
0.071670
0.071670
0.071670
0.071670
0.071670
0.071670
0.071670
0.071670
0.071670
0.071670
0.071670
0.071670
0.071670
0.071670
0.071670
0.071670
0.071670
0.071670
0.071670
0.071670
0.071670
0.071670
0.071670
0.071670
0.071670
0.071670
0.071670
0.071670
0.071670
0.071670
0.071670
0.071670
0.071670
0.071670
0.071670
0.071670
0.071670
0.071670
0.071670
0.071670
0.071670
0.071670
0.071670
0.071670
0.071670
0.071670
0.071670
0.071670
0.071670
0.071670
0.071670
0.071670
0.071670
0.071670
0.071670
0.071670
0.071670
0.071670
0.071670
0.071670
0.071670
0.071670
0.071670
0.071670
0.071670
0.071670
0.071670
0.071670
0.071670
0.071670
0.071670
0.071670
0.071670
0.071670
0.071670
0.071670
0.071670
0.071670
0.071670
0.071670
0.071670
0.071670
0.071670
0.071670
0.071670
0.071670
0.071670
0.071670
0.071670
0.071670
0.071670
0.071670
0.071670
0.070697
0.071670
0.071670
0.071670
0.071670
0.071670
0.071670
0.071670
0.071670
0.071670
0.071670
0.072717
0.066548
0.068756
0.062863
0.072155
0.067565
0.070735
0.070371
0.067940
0.064515
0.066864
0.064184
0.065676
0.060387
0.075025
0.065150
0.065298
0.067327
0.064538
0.062869
0.069359
0.062614
0.065013
0.064903
0.065269
0.064110
0.061141
0.063246
0.061429
0.061266
0.064128
0.062721
0.062002
0.060138
0.062500
0.062427
0.060680
0.060820
0.061649
0.062674
0.060936
0.058850
0.059054
0.058858
