0.088446
0.115106
0.072592
0.072633
0.071670
0.071670
0.071670
0.071670
0.071670
0.071670
0.071670
0.071670
0.071670
0.071670
0.071670
0.072169
0.070975
0.070839
0.071203
0.070839
0.071203
0.070839
0.071203
0.070735
0.069047
0.070135
0.068546
0.069737
0.069427
0.069702
0.069148
0.068864
0.068473
0.068495
0.067332
0.067329
0.068640
0.068956
0.068035
0.067925
0.066378
0.066919
0.066621
0.067538
0.066073
0.068188
0.068166
0.066698
0.068180
0.068092
0.066088
0.066791
0.066018
0.067011
0.066028
0.068353
0.067094
0.067056
0.065974
0.066926
0.066144
0.067584
0.065853
0.066861
0.066853
0.066683
0.067346
0.065835
0.066685
0.065527
0.066420
0.067339
0.066402
0.066397
0.066585
0.064974
0.064727
0.066166
0.063872
0.065527
0.065233
0.064269
0.064562
0.065546
0.064299
0.065454
0.066320
0.065157
0.064750
0.066479
0.067333
0.065472
0.065628
0.064172
0.065430
0.063857
0.064563
0.061494
0.063561
0.066373
0.065636
0.064676
0.066664
0.065023
0.062832
0.064847
0.066434
0.063784
0.064653
0.065637
0.066684
0.064035
0.063448
0.063624
0.065947
0.062642
0.063807
0.061305
0.063064
0.064511
0.065191
0.063883
0.063727
0.064404
0.062411
0.062806
0.065119
0.064847
0.064038
0.063867
0.063448
0.063690
0.062489
0.065101
0.064614
0.065077
0.064191
0.063413
0.063596
0.064040
0.064557
0.062709
0.063802
0.063739
0.063517
0.063578
0.062141
0.063412
0.064356
0.065116
