0.180000
0.245000
0.200000
0.165000
0.165000
0.170000
0.180000
0.210000
0.230000
0.235000
0.250000
0.275000
0.255000
0.280000
0.295000
0.290000
0.305000
0.295000
0.310000
0.290000
0.315000
0.300000
0.315000
0.315000
0.310000
0.315000
0.325000
0.325000
0.325000
0.325000
0.325000
0.325000
0.325000
0.325000
0.325000
0.325000
0.325000
0.325000
0.325000
0.325000
0.325000
0.325000
0.325000
0.325000
0.325000
0.325000
0.325000
0.325000
0.325000
0.325000
0.325000
0.325000
0.325000
0.325000
0.325000
0.325000
0.325000
0.325000
0.325000
0.325000
0.325000
0.325000
0.325000
0.325000
0.325000
0.325000
0.325000
0.325000
0.325000
0.325000
0.325000
0.325000
0.345000
0.345000
0.365000
0.420000
0.300000
0.185000
0.165000
0.165000
0.165000
0.165000
0.165000
0.165000
0.165000
0.165000
0.165000
0.165000
0.165000
0.165000
0.165000
0.165000
0.165000
0.165000
0.165000
0.165000
0.170000
0.175000
0.215000
0.170000
0.165000
0.170000
0.175000
0.220000
0.170000
0.165000
0.165000
0.165000
0.165000
0.165000
0.165000
0.165000
0.165000
0.165000
0.165000
0.165000
0.165000
0.165000
0.165000
0.165000
0.165000
0.165000
0.165000
0.165000
0.165000
0.165000
0.165000
0.165000
0.165000
0.165000
0.165000
0.165000
0.165000
0.165000
0.165000
0.165000
0.165000
0.165000
0.165000
0.165000
0.165000
0.165000
0.165000
0.165000
0.165000
0.165000
0.165000
0.165000
0.165000
0.165000
