0.120000
0.285000
0.235000
0.390000
0.430000
0.485000
0.410000
0.290000
0.200000
0.315000
0.360000
0.400000
0.375000
0.460000
0.470000
0.500000
0.475000
0.495000
0.615000
0.610000
0.610000
0.635000
0.640000
0.665000
0.675000
0.660000
0.655000
0.670000
0.675000
0.675000
0.675000
0.675000
0.675000
0.675000
0.675000
0.680000
0.685000
0.700000
0.710000
0.745000
0.795000
0.785000
0.815000
0.780000
0.730000
0.810000
0.805000
0.820000
0.825000
0.830000
0.830000
0.830000
0.830000
0.830000
0.825000
0.820000
0.805000
0.830000
0.825000
0.830000
0.830000
0.830000
0.830000
0.830000
0.830000
0.830000
0.830000
0.830000
0.830000
0.830000
0.830000
0.830000
0.830000
0.830000
0.830000
0.830000
0.830000
0.830000
0.830000
0.830000
0.830000
0.830000
0.830000
0.830000
0.830000
0.830000
0.830000
0.830000
0.830000
0.830000
0.830000
0.830000
0.830000
0.830000
0.830000
0.830000
0.830000
0.830000
0.830000
0.830000
0.830000
0.830000
0.830000
0.830000
0.830000
0.830000
0.830000
0.830000
0.830000
0.830000
0.830000
0.830000
0.830000
0.830000
0.830000
0.830000
0.830000
0.830000
0.830000
0.830000
0.830000
0.830000
0.830000
0.830000
0.830000
0.830000
0.830000
0.830000
0.830000
0.830000
0.830000
0.830000
0.830000
0.830000
0.830000
0.830000
0.830000
0.830000
0.830000
0.830000
0.830000
0.830000
0.830000
0.830000
0.830000
0.830000
0.830000
0.830000
0.830000
0.830000
