0.145000
0.230000
0.270000
0.365000
0.365000
0.505000
0.395000
0.350000
0.405000
0.400000
0.430000
0.470000
0.345000
0.355000
0.455000
0.475000
0.565000
0.555000
0.590000
0.580000
0.600000
0.535000
0.620000
0.555000
0.605000
0.640000
0.670000
0.705000
0.730000
0.745000
0.780000
0.785000
0.760000
0.755000
0.785000
0.810000
0.820000
0.830000
0.785000
0.805000
0.810000
0.830000
0.825000
0.825000
0.820000
0.830000
0.825000
0.835000
0.835000
0.830000
0.835000
0.835000
0.835000
0.835000
0.835000
0.835000
0.835000
0.835000
0.835000
0.835000
0.835000
0.835000
0.835000
0.835000
0.835000
0.835000
0.835000
0.835000
0.835000
0.835000
0.835000
0.835000
0.835000
0.835000
0.835000
0.835000
0.835000
0.835000
0.835000
0.835000
0.835000
0.835000
0.835000
0.835000
0.835000
0.835000
0.835000
0.835000
0.835000
0.835000
0.835000
0.835000
0.835000
0.835000
0.835000
0.835000
0.835000
0.835000
0.835000
0.835000
0.835000
0.835000
0.835000
0.835000
0.835000
0.835000
0.835000
0.835000
0.835000
0.835000
0.835000
0.835000
0.835000
0.835000
0.835000
0.835000
0.835000
0.835000
0.835000
0.835000
0.835000
0.835000
0.835000
0.835000
0.835000
0.835000
0.835000
0.835000
0.835000
0.835000
0.835000
0.835000
0.835000
0.835000
0.835000
0.835000
0.835000
0.835000
0.835000
0.835000
0.835000
0.835000
0.835000
0.835000
0.835000
0.835000
0.835000
0.835000
0.835000
0.835000
