0.130000
0.180000
0.155000
0.155000
0.155000
0.155000
0.155000
0.155000
0.155000
0.155000
0.155000
0.155000
0.165000
0.180000
0.175000
0.175000
0.190000
0.160000
0.155000
0.155000
0.155000
0.155000
0.155000
0.155000
0.155000
0.155000
0.155000
0.155000
0.155000
0.160000
0.160000
0.160000
0.160000
0.165000
0.165000
0.175000
0.175000
0.165000
0.175000
0.175000
0.215000
0.170000
0.165000
0.170000
0.190000
0.250000
0.240000
0.305000
0.310000
0.320000
0.320000
0.320000
0.320000
0.320000
0.320000
0.320000
0.315000
0.320000
0.320000
0.320000
0.320000
0.320000
0.320000
0.320000
0.320000
0.320000
0.320000
0.320000
0.320000
0.320000
0.320000
0.320000
0.320000
0.320000
0.320000
0.320000
0.320000
0.320000
0.320000
0.320000
0.320000
0.320000
0.320000
0.320000
0.320000
0.320000
0.310000
0.180000
0.155000
0.155000
0.155000
0.155000
0.155000
0.155000
0.155000
0.155000
0.155000
0.155000
0.160000
0.160000
0.160000
0.160000
0.160000
0.165000
0.165000
0.195000
0.235000
0.155000
0.155000
0.155000
0.155000
0.155000
0.155000
0.155000
0.155000
0.155000
0.155000
0.155000
0.155000
0.155000
0.155000
0.155000
0.155000
0.155000
0.155000
0.155000
0.155000
0.155000
0.155000
0.155000
0.155000
0.155000
0.155000
0.155000
0.155000
0.155000
0.155000
0.155000
0.155000
0.155000
0.155000
0.155000
0.155000
0.155000
0.155000
0.155000
0.155000
0.155000
0.155000
0.155000
