0.145000
0.175000
0.205000
0.205000
0.170000
0.170000
0.180000
0.170000
0.170000
0.170000
0.170000
0.170000
0.170000
0.170000
0.170000
0.170000
0.170000
0.170000
0.170000
0.170000
0.170000
0.170000
0.170000
0.170000
0.170000
0.170000
0.170000
0.170000
0.170000
0.170000
0.170000
0.170000
0.170000
0.170000
0.170000
0.170000
0.170000
0.175000
0.175000
0.180000
0.180000
0.190000
0.190000
0.190000
0.190000
0.200000
0.210000
0.220000
0.250000
0.270000
0.270000
0.240000
0.275000
0.360000
0.410000
0.395000
0.425000
0.435000
0.430000
0.430000
0.450000
0.445000
0.455000
0.465000
0.480000
0.490000
0.495000
0.475000
0.490000
0.475000
0.500000
0.500000
0.495000
0.495000
0.500000
0.500000
0.495000
0.490000
0.500000
0.495000
0.500000
0.500000
0.500000
0.500000
0.500000
0.500000
0.500000
0.500000
0.500000
0.500000
0.500000
0.500000
0.500000
0.500000
0.500000
0.500000
0.500000
0.500000
0.500000
0.500000
0.500000
0.500000
0.500000
0.500000
0.500000
0.500000
0.500000
0.500000
0.500000
0.500000
0.500000
0.500000
0.500000
0.500000
0.500000
0.500000
0.500000
0.500000
0.500000
0.500000
0.500000
0.500000
0.500000
0.500000
0.500000
0.500000
0.500000
0.500000
0.500000
0.500000
0.500000
0.500000
0.500000
0.500000
0.500000
0.500000
0.500000
0.500000
0.500000
0.500000
0.500000
0.500000
0.500000
0.500000
0.500000
0.500000
0.500000
0.500000
0.500000
0.500000
