0.492314
0.257553
0.065530
0.062712
0.062712
0.062595
0.062361
0.061763
0.061372
0.061230
0.060139
0.059706
0.058752
0.057409
0.057846
0.057379
0.057188
0.055837
0.055911
0.057643
0.056259
0.057184
0.055885
0.054903
0.054679
0.054198
0.053942
0.053050
0.053868
0.052795
0.054281
0.053499
0.054068
0.051539
0.053136
0.052391
0.053102
0.053929
0.053911
0.053850
0.053045
0.053003
0.052188
0.052134
0.053042
0.052968
0.053860
0.052169
0.052976
0.053813
0.052960
0.053827
0.053786
0.051404
0.053782
0.051419
0.053839
0.053044
0.052108
0.052171
0.052107
0.052958
0.052956
0.052945
0.051276
0.052949
0.053778
0.050466
0.050416
0.051292
0.052946
0.052980
0.051821
0.052202
0.052735
0.051770
0.059347
0.062012
0.062712
0.062712
0.062712
0.062712
0.062712
0.062712
0.062712
0.062712
0.062712
0.062712
0.062712
0.062712
0.062712
0.062712
0.062712
0.062712
0.062712
0.062712
0.062791
0.062435
0.061632
0.062595
0.062712
0.062595
0.062478
0.059568
0.064937
0.062712
0.062712
0.062712
0.062712
0.062712
0.062712
0.062712
0.062712
0.062712
0.062712
0.062712
0.062712
0.062712
0.062712
0.062712
0.062712
0.062712
0.062712
0.062712
0.062712
0.062712
0.062712
0.062712
0.062712
0.062712
0.062712
0.062712
0.062712
0.062712
0.062712
0.062712
0.062712
0.062712
0.062712
0.062712
0.062712
0.062712
0.062712
0.062712
0.062712
0.062712
0.062712
0.062712
0.062712
0.062712
