0.489135
0.063813
0.062511
0.062751
0.062751
0.062712
0.062712
0.062712
0.062712
0.062712
0.062712
0.062712
0.062675
0.062166
0.062244
0.062401
0.062361
0.062595
0.062712
0.062712
0.062712
0.062712
0.062712
0.062712
0.062712
0.062712
0.062712
0.062712
0.062712
0.062595
0.062595
0.062595
0.062595
0.062478
0.062478
0.061933
0.062283
0.062478
0.061893
0.061624
0.061806
0.062361
0.062127
0.062400
0.061847
0.060391
0.059988
0.056666
0.054969
0.055066
0.055158
0.053622
0.053219
0.053900
0.053999
0.054333
0.054786
0.053699
0.052565
0.053342
0.054121
0.053958
0.054350
0.052216
0.052422
0.052291
0.052169
0.053850
0.053850
0.052131
0.052947
0.052082
0.052850
0.051299
0.051997
0.052944
0.052841
0.052874
0.052806
0.052899
0.053665
0.053660
0.051194
0.051957
0.052007
0.052105
0.063975
0.060931
0.062712
0.062712
0.062712
0.062712
0.062712
0.062712
0.062712
0.062712
0.062712
0.062712
0.062595
0.062595
0.062595
0.062595
0.062595
0.062127
0.062517
0.061816
0.063522
0.062712
0.062712
0.062712
0.062712
0.062712
0.062712
0.062712
0.062712
0.062712
0.062712
0.062712
0.062712
0.062712
0.062712
0.062712
0.062712
0.062712
0.062712
0.062712
0.062712
0.062712
0.062712
0.062712
0.062712
0.062712
0.062712
0.062712
0.062712
0.062712
0.062712
0.062712
0.062712
0.062712
0.062712
0.062712
0.062712
0.062712
0.062712
0.062712
0.062712
0.062712
0.062712
0.062712
