0.089694
0.062595
0.062328
0.063023
0.062712
0.062712
0.062951
0.062712
0.062712
0.062712
0.062712
0.062712
0.062712
0.062712
0.062712
0.062712
0.062712
0.062712
0.062712
0.062712
0.062712
0.062712
0.062712
0.062712
0.062712
0.062712
0.062712
0.062712
0.062712
0.062712
0.062712
0.062712
0.062712
0.062712
0.062712
0.062712
0.062712
0.062595
0.062595
0.062478
0.062478
0.062244
0.062244
0.062244
0.062283
0.062089
0.061812
0.061578
0.061192
0.059690
0.060424
0.061075
0.060256
0.057090
0.054066
0.053082
0.053598
0.051997
0.052607
0.050600
0.051030
0.050040
0.047848
0.047530
0.046037
0.044827
0.045119
0.045576
0.043772
0.045695
0.044732
0.042708
0.044907
0.043015
0.043569
0.044531
0.044560
0.044573
0.043290
0.041545
0.043204
0.042257
0.043502
0.042689
0.043439
0.042506
0.044302
0.043329
0.042444
0.042231
0.041601
0.042208
0.042179
0.042929
0.041333
0.042956
0.041364
0.043720
0.043816
0.042041
0.040463
0.042794
0.043844
0.041194
0.042041
0.041454
0.044049
0.040760
0.044580
0.042264
0.042201
0.043048
0.042876
0.042843
0.043717
0.042764
0.041973
0.041931
0.041881
0.041926
0.043610
0.041074
0.041033
0.042704
0.041039
0.041844
0.041082
0.042700
0.041899
0.041857
0.040180
0.041854
0.041847
0.040994
0.044333
0.040199
0.043474
0.041020
0.041834
0.042627
0.041002
0.041807
0.042641
0.041835
0.041816
0.040132
0.040991
0.043463
0.042647
0.039287
