0.491525
0.315673
0.304167
0.240769
0.183139
0.117563
0.059921
0.060019
0.059152
0.060138
0.051465
0.052475
0.044821
0.042142
0.039690
0.037303
0.038978
0.037859
0.033597
0.031276
0.029604
0.031381
0.028193
0.026040
0.025558
0.025782
0.026782
0.022386
0.022583
0.023320
0.021840
0.021175
0.021353
0.020430
0.021032
0.021868
0.019895
0.019719
0.020809
0.020948
0.017926
0.020108
0.020333
0.020962
0.019567
0.020415
0.018367
0.014693
0.016714
0.015186
0.013936
0.013512
0.011782
0.012751
0.012540
0.012421
0.014466
0.011318
0.011708
0.011296
0.010264
0.010185
0.010801
0.010949
0.009917
0.011595
0.010725
0.011520
0.010698
0.010716
0.011653
0.011440
0.010659
0.010611
0.009817
0.009758
0.012220
0.010572
0.010585
0.011426
0.009702
0.012225
0.010528
0.010543
0.010540
0.010545
0.010525
0.010495
0.011344
0.010524
0.011341
0.012151
0.009650
0.011336
0.009650
0.010507
0.012154
0.011333
0.010500
0.011323
0.009663
0.011313
0.010468
0.010462
0.010465
0.010466
0.011296
0.012140
0.011292
0.010459
0.010448
0.011304
0.011297
0.010454
0.010455
0.010453
0.009614
0.009615
0.011281
0.010451
0.012119
0.012121
0.009605
0.011292
0.009598
0.010427
0.011283
0.009599
0.011287
0.010430
0.009593
0.009598
0.009582
0.012105
0.009617
0.010426
0.010420
0.010452
0.011261
0.012099
0.009589
0.010434
0.010418
0.010423
0.010413
0.011256
0.009581
0.010415
0.010414
0.012096
