0.357843
0.259462
0.214248
0.172407
0.142840
0.088679
0.055362
0.053711
0.047702
0.048571
0.043746
0.042972
0.042745
0.043968
0.040946
0.039931
0.036495
0.036058
0.034430
0.034856
0.031003
0.033799
0.030052
0.032664
0.031031
0.030615
0.025988
0.025881
0.022588
0.024075
0.021475
0.021817
0.021186
0.019586
0.016950
0.017576
0.017482
0.014775
0.016387
0.014887
0.016166
0.014029
0.014014
0.013456
0.014726
0.015146
0.013865
0.013595
0.012336
0.011810
0.010973
0.012680
0.011516
0.011254
0.013033
0.011035
0.011714
0.013491
0.010075
0.010737
0.009945
0.009752
0.009774
0.010636
0.011345
0.009765
0.010521
0.009723
0.009646
0.011266
0.011271
0.011304
0.012042
0.012064
0.009570
0.009567
0.010355
0.011990
0.009476
0.010351
0.010317
0.010345
0.010349
0.009499
0.009461
0.009423
0.010281
0.011091
0.009465
0.010254
0.011938
0.010244
0.009436
0.010253
0.010234
0.009398
0.010243
0.010220
0.010216
0.011054
0.011900
0.009356
0.012721
0.011885
0.011065
0.011905
0.011875
0.010201
0.011876
0.010186
0.009344
0.010192
0.010184
0.011869
0.011023
0.009340
0.011013
0.010184
0.011854
0.009343
0.011014
0.010177
0.011025
0.009339
0.011852
0.009331
0.012698
0.009318
0.009331
0.009329
0.009320
0.010152
0.011845
0.010169
0.011824
0.010161
0.011002
0.010162
0.011825
0.010165
0.010150
0.010156
0.009318
0.011819
0.010144
0.010153
0.010998
0.009305
0.010977
0.010136
