0.423445
0.327221
0.083877
0.062752
0.062712
0.062712
0.062712
0.062712
0.062712
0.062712
0.062712
0.062712
0.062712
0.062712
0.062712
0.062712
0.062595
0.062595
0.062595
0.062595
0.062595
0.062595
0.062595
0.062595
0.062595
0.062595
0.062595
0.062595
0.062595
0.062595
0.062595
0.062595
0.062595
0.062595
0.062244
0.062595
0.062595
0.062478
0.062395
0.062395
0.062395
0.062395
0.062395
0.062279
0.061928
0.062318
0.062318
0.061928
0.062279
0.062162
0.061564
0.061807
0.062162
0.061644
0.061098
0.061257
0.061133
0.060704
0.060506
0.061448
0.060581
0.061014
0.059539
0.059760
0.058699
0.059390
0.060358
0.057689
0.057938
0.059848
0.058218
0.058118
0.058048
0.058808
0.057948
0.059046
0.057309
0.057628
0.056323
0.056988
0.056541
0.058455
0.056317
0.054612
0.053758
0.054753
0.055301
0.055190
0.054012
0.054405
0.052691
0.054441
0.052849
0.054203
0.053320
0.053256
0.053899
0.053162
0.053840
0.053894
0.053779
0.053016
0.053730
0.052103
0.052856
0.052053
0.053666
0.051269
0.052081
0.051141
0.051959
0.053654
0.051251
0.052776
0.053672
0.050327
0.051940
0.052784
0.052767
0.052764
0.052781
0.052796
0.052740
0.051955
0.052836
0.052723
0.051037
0.051891
0.051860
0.052712
0.052721
0.052710
0.053524
0.052721
0.053530
0.051853
0.052692
0.052704
0.051847
0.051860
0.050169
0.051848
0.051865
0.053514
0.051889
0.052674
0.052713
0.050997
0.052690
0.052685
