0.140000
0.185000
0.265000
0.335000
0.385000
0.440000
0.550000
0.435000
0.435000
0.390000
0.360000
0.380000
0.530000
0.625000
0.635000
0.655000
0.665000
0.615000
0.525000
0.575000
0.630000
0.655000
0.635000
0.665000
0.695000
0.695000
0.715000
0.740000
0.775000
0.790000
0.770000
0.760000
0.790000
0.780000
0.820000
0.800000
0.800000
0.770000
0.780000
0.790000
0.780000
0.800000
0.820000
0.795000
0.820000
0.810000
0.805000
0.820000
0.825000
0.820000
0.825000
0.825000
0.830000
0.830000
0.830000
0.805000
0.830000
0.825000
0.800000
0.820000
0.805000
0.805000
0.820000
0.745000
0.785000
0.830000
0.830000
0.830000
0.830000
0.830000
0.830000
0.830000
0.830000
0.830000
0.830000
0.830000
0.830000
0.830000
0.830000
0.830000
0.830000
0.830000
0.830000
0.830000
0.830000
0.830000
0.830000
0.830000
0.830000
0.830000
0.830000
0.830000
0.830000
0.830000
0.830000
0.830000
0.830000
0.830000
0.830000
0.830000
0.830000
0.830000
0.830000
0.830000
0.830000
0.830000
0.830000
0.830000
0.830000
0.830000
0.830000
0.830000
0.830000
0.830000
0.830000
0.830000
0.830000
0.830000
0.830000
0.830000
0.830000
0.830000
0.830000
0.830000
0.830000
0.830000
0.830000
0.830000
0.830000
0.830000
0.830000
0.830000
0.830000
0.830000
0.830000
0.830000
0.830000
0.830000
0.830000
0.830000
0.830000
0.830000
0.830000
0.830000
0.830000
0.830000
0.830000
0.830000
0.830000
0.830000
