0.385388
0.264574
0.214736
0.176705
0.167632
0.127780
0.092135
0.052131
0.054653
0.055955
0.048942
0.040876
0.038373
0.037677
0.037405
0.030776
0.031538
0.026123
0.027752
0.029055
0.031973
0.028061
0.024157
0.025946
0.025070
0.022406
0.022351
0.023818
0.016314
0.019728
0.018414
0.019012
0.015158
0.014138
0.013274
0.015419
0.015398
0.012746
0.012125
0.011827
0.013723
0.012188
0.012405
0.011641
0.012372
0.013323
0.012718
0.012076
0.011721
0.010872
0.010456
0.011953
0.011007
0.010970
0.013326
0.012912
0.017002
0.019684
0.013494
0.013447
0.011032
0.011063
0.010131
0.010876
0.011713
0.010208
0.010690
0.009929
0.009780
0.011466
0.011478
0.011553
0.012285
0.012217
0.009694
0.009767
0.010593
0.012188
0.009690
0.010514
0.010557
0.010461
0.010462
0.009701
0.009563
0.009525
0.010358
0.011214
0.009562
0.010356
0.012012
0.010344
0.009518
0.010363
0.010325
0.009497
0.010346
0.010365
0.010317
0.011161
0.011987
0.009503
0.012876
0.012012
0.011152
0.012007
0.011985
0.010299
0.011978
0.010308
0.009422
0.010293
0.010267
0.011985
0.011113
0.009477
0.011093
0.010273
0.011948
0.009443
0.011111
0.010247
0.011087
0.009403
0.011918
0.009413
0.012762
0.009408
0.009417
0.009427
0.009426
0.010246
0.011941
0.010308
0.011962
0.010285
0.010799
0.008546
0.008268
0.006292
0.006133
0.006150
0.005708
0.007155
0.006234
0.006342
0.006632
0.005607
0.006572
0.006064
